
strategic_region={
	id=100
	name="STRATEGICREGION_100"
	provinces = {
		43 51 73 93 112 125 126 145 170 177 178 206 259 306 322 353 359 374 384 458 520 524 553 578 604 636 678 750 783 796 819 820 825 841 863 879 890 938 944 1067 1126 1134 1183 1208 1213 1289 1307 1332 1499 1503 1534 1566 1602 1638 1778 1808 1825 1902 2012 2034 2227 2261 2586 2657 2780 2794 2795 2824 3199 3267 3560 3571 3678 4031 4444 4597 4718 4952 4957 5057 5116 5219 5260 5293 5789 5896 5978 6107 6714 6730 7173 7632 7928 8371 8714 8776 9084 9212 9328 9337 9365 9589 10088 10089 10090 10109 10116 10184 10188 10189 10199 10204 10213 10332 10347 10367 10384 10386 10428 10449 10492 10521 10544 10608 10626 18651 18652 18653 18654 18655 18656 18657 
	}
	weather={
	}
}
