
strategic_region={
	id=104
	name="STRATEGICREGION_104"
	provinces = {
		30 224 478 808 933 1215 1548 1585 1683 1904 1933 3026 3780 3807 3978 4276 4293 4417 4429 4475 4929 5217 5316 5504 5547 6091 6421 6461 6688 6850 6915 7016 7017 7143 7162 7193 7420 7465 7698 7898 8039 8216 8278 8311 8627 8686 8695 9005 9007 9863 9932 10011 10072 11858 12039 12047 12068 12163 12179 12199 12219 12221 12242 12243 12274 12279 12289 12295 12299 12309 12327 12335 12336 12344 12345 12351 12372 12382 12404 12405 12406 12412 12413 12414 12423 12430 12437 12462 12463 12474 12480 12512 12513 12514 12515 12533 12552 12578 12579 12580 12584 12592 12599 12629 12639 12640 12644 12653 12691 12692 12693 12748 12753 12807 
	}
	weather={
	}
}
