
strategic_region={
	id=115
	name="STRATEGICREGION_115"
	provinces = {
		241 743 1186 1277 1539 1591 1713 1767 1998 2050 2137 2138 2139 2351 2499 2543 3033 3110 3554 3671 3733 3759 3890 3940 3983 4125 4169 4296 4573 4786 4815 4931 5329 5432 5510 5546 5665 5834 5881 6010 6113 6146 6383 6396 6726 6895 7160 7376 7440 7488 7796 7861 8028 8046 8070 8110 8519 8697 8761 8861 8948 9076 9104 9295 9483 9574 10015 10044 18078 18079 18082 18090 18098 18101 18105 18109 18118 18119 18123 18131 18135 18137 18138 18141 18147 18148 18150 18160 18167 18173 18179 18180 18183 18189 18191 18194 18196 18201 18203 18204 18210 18211 18216 18217 18220 18221 18224 18227 18229 18234 18236 18238 18241 18244 18249 18253 18254 18257 18263 18264 18268 18275 18278 18279 18280 18282 18284 18289 18290 18291 18294 18295 18296 18297 18300 18304 18305 18307 18309 18310 18313 18315 18317 18320 18321 18324 18325 18327 18330 18334 18336 18340 18341 18350 18351 18357 18362 18364 18369 18375 18379 18384 18388 18396 
	}
	weather={
	}
}
