
strategic_region={
	id=117
	name="STRATEGICREGION_117"
	provinces={
		561 688 892 1016 1107 1131 1190 1437 1453 1520 1554 1632 1694 1938 2066 2082 2143 2554 2609 2624 2637 2786 2872 3188 3206 3244 3327 3456 3467 3511 3551 3573 3650 3663 3682 3866 3992 4014 4130 4268 4312 4492 4511 4563 4854 4898 5091 5351 5355 5410 5721 5731 5877 6027 6341 6432 6612 6626 6792 6978 7006 7094 7127 7333 7354 7364 7378 7490 7558 7645 7869 7943 7946 8389 8489 8494 8621 8944 9002 9203 9259 9288 9313 9476 9521 9669 9762 9764 9840 9851 10021 10398 10430 10440 10444 10469 10503 10508 10509 10510 10520 10526 10527 10539 10542 10543 10547 10555 10556 10564 10569 10573 10577 10582 10587 10588 10591 10595 10606 10607 10618 10619 10620 10624 10630 10631 10645 10649 10652 10654 10670 10671 10679 10705 10710 10711 10712 10715 10716 10730 10731 10741 10742 10748 10749 10759 10764 10767 10768 10778 10779 10791 10797 10798 10810 10814 10815 10820 10826 10830 10834 10838 10849 10850 10856 10857 10858 10870 10887 10933 10946 10977 11020 11041 11088 11106 11121 11128 11145 11202 11242 11252 11270 18658 18659 18660 
	}
	weather={
	}
}
