
strategic_region={
	id=28
	name="STRATEGICREGION_28"
	provinces={
		70 127 130 266 485 647 699 810 888 999 1797 2184 2257 2440 2521 2664 2833 2842 2884 3148 3197 3400 3412 3477 3575 3800 3874 3947 3997 4145 4176 4277 4387 4549 4684 4764 5038 5602 5614 5699 5962 6181 6203 6281 6407 6534 6661 6695 7484 7562 7853 7859 7937 7959 8112 8247 8261 8283 8382 8642 8698 8825 8846 8884 8955 9013 9016 9085 9274 9333 9362 9436 9542 9605 9782 9897 9949 9994 10471 10473 10535 10548 10594 10602 10625 10640 10672 10675 10682 10693 10732 10743 10775 10780 10799 10811 10831 10846 10851 10859 10865 10877 10881 10915 10921 10922 10929 10947 10982 10993 11005 11011 11021 11044 11072 11101 11129 11163 11168 11172 11181 11190 11196 11207 11230 11253 11265 11302 11309 11310 11335 
	}
	weather={
	}
}
