
strategic_region={
	id=282
	name="STRATEGICREGION_282"
	provinces={
		5 9 13 16 19 20 24 25 28 29 33 34 41 42 43 47 48 50 51 54 55 56 59 210 213 217 218 220 224 225 229 230 234 235 239 240 244 245 249 250 251 254 255 258 259 262 263 264 267 411 412 416 419 420 423 427 428 430 431 435 436 439 440 609 1308 1434 2540 2781 5563 5594 5595 5596 5598 5625 5626 5627 5629 5630 5658 5659 5660 5661 5662 5663 5690 5691 5692 5693 5694 5695 5696 5697 5698 5723 5724 5725 5726 5727 5728 5729 5730 5731 5732 5733 5734 5735 5755 5756 5757 5758 5759 5760 5761 5762 5763 5764 5765 5766 5767 5776 5788 5789 5790 5791 5792 5793 5794 5795 5796 5797 5798 5799 5808 5819 5820 5821 5822 5823 5824 5825 5826 5827 5828 5829 5830 5838 5839 5840 5850 5852 5853 5854 5855 5856 5857 5858 5859 5860 5861 5862 5863 5864 5871 5872 5874 5885 5886 5887 5888 5889 5890 5891 5892 5893 5894 5895 5896 5897 5902 5904 5905 5906 5915 5916 5917 5919 5920 5921 5922 5923 5924 5925 5926 5927 5928 5929 5930 5931 5933 5936 5937 5938 5939 5948 5949 5950 5951 5952 5953 5954 5955 5956 5957 5958 5959 5960 5961 5962 5963 5964 5965 5966 5967 5968 5969 5970 5971 5980 5981 5982 5983 5984 5985 5986 5987 5988 5989 5990 5991 5992 5993 5994 5995 5996 5997 5998 5999 6000 6001 6002 6003 6004 6026 6030 6031 6032 6036 6037 6043 6044 6048 6049 6053 6054 6058 6059 6060 6064 6065 6068 6069 6219 6223 6227 6228 6234 6260 6261 6265 6266 6267 6271 6272 6276 6277 6419 6422 6425 6426 6427 6433 6434 6437 6438 6439 6442 6443 6447 6448 6452 6453 6472 6475 6476 6608 6612 6616 6617 6623 6624 6627 6628 6629 6632 6633 6636 6637 6640 6641 6645 6646 6649 6653 6654 6655 6810 6815 6816 6819 6820 6821 6824 6825 6829 6830 6834 6835 6839 6840 6844 6847 6848 6849 6853 6854 6858 6859 7002 7006 7009 7029 7031 7032 7036 7037 7038 7042 7043 7047 7051 7052 7053 7056 7057 7061 7062 7226 7230 7234 7235 7241 7242 7246 7247 7267 7268 7272 7276 7277 7278 7282 7283 7286 7287 7452 7456 7460 7461 7467 7468 7472 7473 7474 7478 7479 7483 7484 7488 7489 7505 7509 7510 7514 7515 7678 7679 7686 7690 7694 7695 7698 7699 7700 7704 7705 7709 7710 7714 7715 7719 7720 7723 7724 7907 7910 7914 7918 7922 7923 7927 7928 7929 7932 7933 7937 7941 7942 7946 7947 7951 7952 7955 7956 7957 7961 7962 7966 7967 8145 8146 8147 8150 8151 8153 8154 8156 8158 8159 8162 8163 8166 8167 8168 8170 8171 8173 8174 8256 8257 8258 8259 8260 8269 8270 8271 8272 8273 8274 8275 8276 8277 8278 8279 8280 8281 8282 8283 8284 8285 8286 8287 8288 8289 8290 8291 8292 8293 8301 8302 8303 8304 8305 8306 8307 8308 8309 8310 8311 8312 8313 8314 8315 8316 8317 8318 8319 8320 8321 8322 8323 8324 8333 8334 8335 8336 8337 8338 8339 8340 8341 8342 8343 8344 8345 8346 8347 8348 8349 8350 8351 8352 8353 8354 8355 8356 8357 8366 8367 8368 8369 8370 8371 8372 8373 8374 8375 8378 8379 8380 8381 8382 8383 8384 8385 8386 8387 8388 8389 8398 8399 8400 8401 8402 8403 8404 8405 8406 8430 8431 8432 8433 8434 8464 8465 8466 8467 8468 8496 8497 8498 8499 8500 8528 8529 8530 8531 8560 8561 8562 8592 8593 8754 8755 8756 8757 8758 8759 8760 8761 8762 8763 8764 8765 8766 8767 8768 8769 8770 8771 8772 8773 8774 8775 8776 8777 8778 8779 8780 8781 8782 8783 8784 8785 8786 8787 8788 8789 8790 8791 8792 8793 8794 8795 8796 8797 8798 8799 8800 8801 8802 8803 8804 8805 8806 8807 8808 8809 8810 8811 8812 8813 8814 8815 8816 8817 8818 8819 8820 8821 8822 8823 8824 8825 8826 8827 8828 8829 8830 8831 8832 8833 8834 8835 8836 8837 8838 8839 8840 8841 8842 8843 8844 8845 8846 8847 8848 8849 8850 8851 8852 8853 8854 8855 8856 8857 8858 8859 8860 8861 8862 8863 8864 8865 8866 8867 8868 8869 8870 8871 8872 8873 8874 8875 8876 8877 8878 8879 8880 8881 8882 8883 8884 8885 8886 8887 8888 8889 8890 8891 8892 8893 8894 8895 8896 8897 8898 8899 8900 8901 8902 8903 8904 8905 8906 8907 8908 8909 8910 8911 8912 8914 8915 8916 8917 8918 8919 8920 8921 8922 8923 8924 8925 8926 8927 8928 8929 8930 8931 8932 8933 8934 8935 8936 8937 8938 8939 8940 8941 8942 8943 8944 8945 8946 8947 8948 8949 8950 8951 8952 8953 8954 8955 8956 8957 8958 8959 8960 8961 8963 8964 8965 8966 8967 8968 8969 8970 8971 8972 8973 8974 8975 8976 8977 8978 8979 8980 8981 8982 8983 8984 8985 8986 8987 8988 8989 8990 8991 8992 8993 8994 8995 8996 8997 8998 8999 9000 9001 9002 9003 9004 9005 9006 9007 9008 9009 9010 9011 9012 9013 9014 9015 9016 9017 9018 9019 9020 9021 9022 9023 9024 9025 9026 9027 9028 9029 9030 9031 9034 9037 9040 9044 9048 9049 9052 9053 9057 9058 9062 9063 9067 9070 9071 9072 9076 9077 9080 9081 9085 9086 9087 9091 9092 11748 12389 13004 13006 13007 13193 
	}
	weather={
	}
}
