
strategic_region={
	id=29
	name="STRATEGICREGION_29"
	provinces = {
		44 199 308 446 474 519 545 546 590 630 663 690 782 800 801 830 837 894 971 1203 1211 1322 1444 1479 1486 1511 1646 1790 1840 1845 1943 2040 2204 2214 2249 2271 2328 2355 2410 2550 2556 2594 2610 2613 2686 2717 2763 2834 2858 2896 2939 2949 2980 2985 2996 3050 3064 3096 3136 3143 3145 3155 3170 3204 3216 3334 3348 3367 3383 3458 3484 3496 3536 3579 3589 3675 3685 3742 3776 3804 3809 3818 3855 3893 3921 4020 4098 4117 4183 4190 4279 4291 4346 4349 4395 4413 4427 4473 4482 4507 4586 4605 4611 4638 4713 4812 4955 4987 4992 4994 5123 5195 5207 5249 5321 5326 5377 5383 5508 5530 5608 5662 5705 5740 5803 5825 5905 5931 5950 6086 6151 6173 6191 6261 6266 6292 6298 6323 6345 6388 6505 6526 6544 6613 6617 6830 6952 6994 7070 7114 7133 7213 7310 7319 7361 7412 7422 7425 7507 7518 7571 7675 7723 7728 7746 7871 7883 7897 7956 7988 8020 8201 8270 8301 8511 8529 8542 8548 8583 8586 8591 8608 8656 8667 8701 8727 8890 9190 9209 9260 9275 9350 9392 9443 9526 9694 9747 9809 9829 9874 9951 10018 10082 17378 17389 17414 17433 17460 17466 17467 17477 17481 17490 17491 17492 17497 17505 17508 17515 17518 17522 17523 17539 17545 17550 17553 17554 17574 17575 17576 17577 17579 17582 17590 17594 17602 17608 17612 17617 17618 17624 17626 17632 17633 17634 17635 17638 17641 17650 17654 17655 17656 17668 17669 17670 17672 17673 17674 17675 17681 17689 17690 17692 17693 17699 17700 17701 17702 17703 17708 17710 17711 17712 17715 17719 17720 17722 17723 17728 17729 17732 17733 17734 17735 17738 17739 17740 17741 17742 17743 17748 17749 17750 17757 17758 17761 17762 17765 17768 17775 17776 17777 17782 17784 17787 17788 17797 17799 17800 17803 17804 17805 17806 17807 17808 17809 17812 17813 17817 17818 17819 17823 17824 17827 17828 17831 17832 17834 17837 17842 17843 17851 17852 17853 17856 17857 17859 17860 17863 17867 17868 17869 17870 17873 17881 17882 17888 17891 17894 17897 17903 17904 17911 17912 17914 17915 17917 17918 17925 17926 17927 17928 17930 17932 17937 17939 17940 17941 17947 17949 17950 17951 17956 17957 17958 17959 17963 17967 17970 17971 17972 17977 17980 17983 17984 17988 17989 17993 17994 17996 17997 18001 18009 18011 18012 18014 18015 18017 18020 18023 18024 18026 18027 18029 18030 18031 18034 18037 18038 18039 18040 18041 18042 18043 18045 18049 18052 18056 18059 18061 18062 18064 18067 18068 18083 
	}
	weather={
	}
}
