
strategic_region={
	id=305
	name="STRATEGICREGION_305"
	provinces={
		9 28 41 42 48 82 132 137 203 290 306 347 349 360 364 395 408 465 478 587 606 620 622 623 627 645 650 674 677 698 733 746 752 758 774 795 796 811 818 850 883 888 895 919 926 990 1000 1025 1044 1072 1092 1097 1102 1135 1176 1177 1231 1277 1335 1361 1399 1426 1441 1446 1472 1540 1557 1560 1606 1619 1633 1646 1648 1667 1695 1714 1752 1782 1814 1823 1830 1831 1854 1885 1892 1897 1907 1920 1936 1941 1979 1998 2001 2003 2007 2018 2033 2060 2063 2083 2111 2133 2152 2160 2167 2177 2189 2200 2223 2247 2252 2259 2263 2269 2271 2280 2282 2299 2318 2320 2328 2330 2334 2338 2355 2357 2365 2369 2383 2389 2408 2410 2417 2444 2462 2464 2469 2483 2487 2495 2518 2563 2579 2586 2623 2632 2636 2640 2658 2681 2692 2727 2738 2757 2761 2763 2767 2768 2786 2789 2805 2821 2824 2840 2841 2855 2862 2874 2883 2898 2899 2902 2919 2927 2931 2935 2959 2962 2966 3006 3012 3015 3023 3055 3088 3096 3098 3104 3117 3137 3158 3273 3341 3396 3400 3420 3422 3433 3447 3532 3537 3589 3599 3604 3614 3620 3635 3645 3647 3663 3675 3692 3693 3716 3718 3773 3792 3807 3810 3821 3829 3862 3872 3873 3874 3891 3906 3921 3930 3931 3983 3993 4020 4024 4027 4069 4088 4094 4096 4118 4142 4161 4179 4231 4244 4258 4264 4267 4288 4310 4320 4362 4380 4399 4413 4418 4429 4462 4497 4515 4526 4527 4535 4546 4560 4591 4621 4624 4627 4663 4706 4722 4723 4744 4763 4775 4794 4796 4887 4897 4905 4912 4929 4945 4976 5037 5047 5049 5053 5084 5101 5112 5116 5134 5135 5137 5143 5150 5162 5163 5166 5168 5174 5178 5179 5185 5192 5196 5198 5208 5216 5229 5255 5269 5272 5293 5294 5303 5328 5331 5353 5354 5358 5379 5387 5396 5411 5425 5436 5457 5458 5464 5467 5472 5481 5484 5494 5524 5533 5541 5550 5552 5563 5572 5574 5575 5589 5594 5597 5624 5625 5649 5659 5680 5720 5727 5744 5768 5783 5792 5803 5815 5817 5818 5820 5848 5856 5858 5863 5864 5866 5869 5905 5925 5939 5941 5953 5958 5983 6003 6019 6042 6049 6064 6072 6083 6093 6111 6129 6137 6147 6165 6168 6170 6183 6232 6234 6244 6277 6298 6309 6334 6412 6431 6439 6441 6443 6453 6460 6461 6467 6535 6545 6550 6582 6617 6623 6630 6667 6676 6683 6693 6700 6710 6713 6726 6762 6779 6802 6818 6844 6875 6878 6883 6892 6894 6914 7714 7739 7782 7853 7900 7913 7930 7931 7932 7944 7956 7958 7970 7996 8019 8046 8048 8058 8060 8088 8091 8111 8133 8134 8136 8148 8154 8158 8159 8170 8176 8183 8208 8217 8223 8232 8235 8248 8259 8267 8284 8299 8304 8305 8312 8318 8322 8333 8336 8337 8359 8373 8379 8385 8391 8401 8411 8416 8420 8421 8427 8462 8478 8513 8514 8517 8532 8546 8556 8561 8565 8566 8577 8589 8590 8597 8602 8603 8606 8631 8632 8633 8637 8638 8648 8660 8666 8677 8690 8718 8725 8738 8739 8745 8756 8761 8780 8785 8804 8809 8813 8824 8831 8832 8839 8840 8841 8843 8846 8850 8875 8879 8884 8885 8891 8895 8899 8915 8916 8926 8930 8933 8934 8938 8951 8957 8958 8974 8987 8997 8998 9006 9009 9013 9040 9049 9052 9053 9059 9077 9103 9106 9108 9147 9167 9173 9196 9198 9208 9215 9238 9239 9253 9284 9316 9362 9364 9369 9379 9398 9425 9450 9452 9490 9492 9505 9507 9515 9548 9558 9572 9574 9590 9597 9608 9609 9620 9621 9630 9640 9648 9655 9660 9665 9666 9670 9697 9701 9728 9736 9743 9750 9751 9773 9777 9778 9793 9794 9796 9797 9807 9814 9820 9845 9864 9909 9914 9922 9933 9940 9957 9968 9994 9996 10007 10013 10032 10048 10056 10096 10097 10099 10107 10109 10150 10157 10158 10175 10227 10230 10242 10247 10258 10266 10271 10291 10300 10302 10306 10318 10334 10375 10378 10399 10427 10439 10440 10444 10473 10481 10482 10513 10522 10527 10572 10573 10594 10605 10606 10690 10693 10702 10709 10710 10730 10734 10736 10744 10747 10752 10758 10765 10766 10773 10788 10792 10798 10805 10814 10823 10830 10833 10840 10842 10848 10857 10858 10864 10874 10883 10884 10912 10916 10925 10926 10932 10937 10938 10941 10942 11012 11037 11049 11052 11066 11081 11091 11101 11106 11114 11115 11116 11117 11128 11188 11253 11276 11398 
	}
	weather={
	}
}
