
strategic_region={
	id=44
	name="STRATEGICREGION_44"
	provinces={
		42 97 303 314 725 966 1002 1021 1046 1083 1217 1241 1475 1517 1706 1811 1824 1838 1873 1930 2191 2194 2329 2345 2445 2666 2722 2728 2757 2776 2838 2886 2958 3046 3112 3146 3289 3576 3665 3696 3710 3786 3796 3834 3852 3892 3994 4051 4077 4118 4141 4331 4391 4459 4535 4622 4941 4947 4969 4979 5134 5145 5176 5193 5477 5487 5559 5630 5709 5739 5742 5938 6255 6523 6538 6589 6764 6803 6875 6887 6914 7042 7101 7170 7373 7502 7547 7582 7584 7602 7732 7890 7955 8035 8049 8089 8239 8251 8485 8525 8592 8668 8674 8718 8821 8887 8899 9067 9145 9169 9280 9505 9619 9670 9671 9830 9831 9967 10002 10036 10075 11237 11243 11272 11273 11279 11284 11291 11321 11330 11337 11362 11380 11391 11419 11444 11445 11478 11482 11490 11501 11502 11521 11522 11542 11546 11565 11566 11573 11588 11610 11618 11625 11632 11633 11639 11640 11649 11650 11655 11659 11670 11691 11692 11699 11700 11705 11706 11740 11756 11757 11760 11776 11812 11813 11827 11834 11851 11868 11869 11876 11881 11892 11912 11929 11935 11949 11950 11955 11976 11987 11990 12004 12011 12026 12033 12056 12066 12067 12074 12093 12108 12117 12118 12132 12140 12154 12168 12169 12170 12178 12180 12190 12206 12212 12228 12229 12238 12244 12268 12269 12306 12331 
	}
	weather={
	}
}
