
strategic_region={
	id=49
	name="STRATEGICREGION_49"
	provinces={
		389 451 592 687 764 931 949 1424 1555 1711 1783 1935 1962 2074 2187 2590 2723 2856 3085 3126 3469 3549 3626 3698 3854 4023 4186 4259 4269 4714 4981 5286 5297 5405 5439 5456 5550 5569 5669 5745 6032 6177 6205 6301 6315 6319 6413 6706 6799 6832 7511 7572 7637 7716 8044 8155 8306 8477 8490 8493 8655 8663 8753 8863 9043 9121 9347 9363 9515 9539 9591 9616 9622 9631 9875 10003 17037 17044 17056 17057 17058 17069 17101 17104 17108 17109 17113 17131 17139 17142 17144 17152 17157 17176 17192 17211 17212 17213 17219 17225 17226 17229 17242 17244 17245 17255 17256 17292 17296 17320 17330 17337 17351 17358 17359 17366 17367 17383 17398 17399 17402 17407 17408 17409 17410 17420 17435 17444 17445 17449 17482 17485 17486 17493 17499 17500 17503 17512 17519 17526 17529 17540 17546 17551 17555 17559 17565 17570 17583 17584 17587 17591 17609 17613 17619 17639 17642 17643 17651 17652 17661 17663 17685 
	}
	weather={
	}
}
