
strategic_region={
	id=53
	name="STRATEGICREGION_53"
	provinces={
		218 224 377 437 591 630 710 715 791 825 848 1008 1084 1153 1368 1556 1709 1840 1975 2066 2147 2220 2231 2275 2373 2385 2569 2790 2843 2846 2888 2936 2983 3053 3055 3059 3135 3155 3316 3470 3494 3517 3576 3807 3923 4060 4106 4109 4189 4208 4227 4307 4311 4386 4476 4666 4671 4762 4773 4930 4998 5046 5066 5135 5221 5346 5425 5504 5513 5557 5558 5559 6589 6604 6605 6606 6615 6622 6626 6627 6634 6639 6642 6645 6658 6666 6671 6691 6694 6697 6704 6716 6742 6755 6771 6782 6792 6793 6805 6813 6817 6825 6830 6833 6839 6845 6847 6848 6855 6856 6866 6867 6874 6877 6881 6887 6897 6898 6905 6911 9052 
	}
	weather={
	}
}
