
strategic_region={
	id=59
	name="STRATEGICREGION_59"
	provinces={
		20 102 111 409 640 799 847 1263 1432 1728 1810 2131 2156 2432 2446 2535 2633 2700 3082 3092 3418 3587 3593 3872 3887 4080 4162 4245 4337 4355 4510 4522 4599 4768 4960 5036 5064 5213 5578 5640 5641 5716 5791 5901 5965 5984 6028 6772 7191 7205 7427 7607 7687 7832 7874 7888 7929 8190 8271 8692 8765 8916 9157 9361 9566 9826 9890 9935 14200 14220 14221 14268 14282 14366 14431 14453 14454 14473 14510 14511 14517 14537 14557 14558 14585 14586 14603 14604 14633 14634 14658 14680 14736 14758 14763 14770 14779 14785 14819 14826 14827 14835 14870 14887 14888 14889 14890 14903 14910 14922 14940 14944 14952 14971 14976 15010 15011 15031 15035 15050 15065 15066 15070 15071 15085 15086 15119 15120 15133 15150 15151 15155 15161 15164 15197 15211 15214 15243 
	}
	weather={
	}
}
