
strategic_region={
	id=63
	name="STRATEGICREGION_63"
	provinces = {
		45 301 845 968 1311 1496 1698 1833 2298 2330 2332 2392 2595 2730 2775 2817 3209 3311 3515 3519 3544 3577 3625 3689 3929 3963 4157 4353 4390 4433 4561 4748 4790 4862 4872 5002 5023 5067 5140 5246 5272 5298 5319 5325 5396 5445 5663 5728 5743 5829 5906 5990 5995 6054 6065 6161 6397 6558 6611 6767 6843 6881 7025 7103 7152 7172 7235 7274 7514 7734 7773 7783 7800 7834 8057 8143 8179 8204 8205 8316 8420 8426 8461 8560 8664 8699 8759 8803 8892 8928 8984 9044 9069 9158 9377 9579 9730 9774 9862 9903 9915 9959 10081 10087 16247 16271 16306 16324 16339 16374 16384 16425 16433 16441 16446 16447 16451 16452 16466 16469 16476 16482 16486 16504 16516 16526 16531 16532 16535 16555 16556 16557 16558 16563 16564 16568 16569 16570 16577 16582 16586 16587 16613 16614 16625 16633 16634 16655 16664 16678 16684 16690 16691 16695 16708 16719 16732 16738 16739 16744 16771 16772 16780 16789 16793 16794 16807 16831 16839 16840 16846 16851 16855 16862 16883 16884 16887 16888 16889 16899 16908 16914 16920 16934 16943 16948 16949 16962 16972 16980 16993 16994 16995 16996 17003 17014 17022 17029 17035 17038 17045 17046 17051 17059 17064 17065 17082 17083 17088 17089 17110 17114 17140 17153 17179 17193 17206 17214 17220 17250 17265 
	}
	weather={
	}
}
