
strategic_region={
	id=64
	name="STRATEGICREGION_64"
	provinces={
		184 327 476 662 767 821 883 1074 1136 1151 1163 1581 2033 2416 2438 2920 3585 3635 3659 4076 4144 4213 4328 4970 5012 5062 5085 5274 5499 5506 5542 5746 6069 6220 6546 6548 7075 7145 7555 7762 7787 8203 8233 8293 8383 8596 8738 9153 9213 9311 9557 9585 9601 9888 16130 16137 16179 16210 16283 16284 16305 16313 16348 16481 16545 16585 16632 16640 16677 16701 16702 16873 16880 17034 17092 17130 17143 17148 17184 17205 17218 17228 17254 17264 17272 17284 17314 17328 17329 17343 17350 17365 17376 17377 17419 17427 17455 17468 17476 17506 17507 
	}
	weather={
	}
}
