
strategic_region={
	id=72
	name="STRATEGICREGION_72"
	provinces={
		223 261 660 981 989 1059 1076 1171 1485 1516 1523 1596 1635 1649 1654 1725 1908 1977 1981 2063 2075 2158 2375 2435 2503 2828 2915 3213 3298 3483 3526 3820 3831 3918 4073 4124 4392 4464 4537 4664 4690 4717 4923 4953 4974 5006 5309 5312 5387 5444 5587 5749 5777 5838 6102 6112 6164 6172 6384 6473 6557 6790 6838 6874 6897 6928 6963 7015 7040 7109 7161 7237 7306 7398 7408 7424 7640 7797 7912 8092 8230 8249 8331 8598 8640 8652 8741 8755 9720 9758 9769 9801 9841 12991 13067 13102 13108 13150 13188 13199 13211 13223 13241 13262 13263 13289 13349 13359 13369 13397 13405 13425 13426 13445 13447 13456 13463 13469 13483 13497 13498 13499 13511 13512 13523 13528 13539 13546 13555 13581 13589 13590 13596 13607 13618 13619 13620 13639 13663 13664 13672 13673 13674 13682 13689 13694 13711 13735 13736 13737 13741 13755 13768 13792 13807 13813 13828 13836 13862 13871 13876 13885 13886 13899 13913 13927 13946 13952 13953 13956 13967 13968 13972 13982 13999 14011 14015 14081 14092 14114 14115 14150 14161 14175 14204 14233 14242 14279 14293 14329 14340 14414 14483 14484 19872
	}
	weather={
	}
}
