
state={
	id=113
	name="STATE_113"

	history={
		owner = HAR
		buildings = {
			infrastructure = 2

		}
		add_core_of = HAR

	}

	provinces={
		153 196 209 239 358 380 423 475 507 607 665 685 692 816 819 940 1051 1138 1203 1235 1255 1263 1317 1477 1526 1554 1571 1588 1646 1657 1667 1721 1727 1793 1968 2011 2020 2081 2105 2206 2254 2292 2401 2402 2574 2590 2980 3051 3077 3189 3214 3215 3236 3392 3408 3566 3597 3649 3836 4032 4046 4057 4140 4162 4235 4246 4385 4410 4709 4746 4883 5040 5163 5214 5216 5416 5597 5807 7997 8003 8011 8016 8018 8019 8026 8034 8036 8039 8042 8047 8057 8060 8081 8092 
	}
	manpower=1000000
	buildings_max_level_factor=1.000
	state_category=rural
	local_supplies=0.000
}
