state={
	id=776
	name="STATE_776"
	provinces={
		426 585 654 666 670 672 683 685 700 712 714 728 731 735 745 748 750 759 765 775 1455 1530 1539 1599 3413 3417 3443 3587 3658 3667 3668 3672 3682 3711 3717 3720 3734 3746 3748 3752 3765 3777 3779 4200 4463 4534 4605 6417 6436 6468 6490 6503 6671 6674 6689 6692 6701 6702 6718 6721 6730 6733 6736 6738 6748 6750 6753 6755 6763 6765 6768 6781 6783 6794 6796 7554 9415 9442 9459 9581 9626 9628 9632 9645 9647 9649 9674 9688 9691 9694 9702 9705 9707 9709 9722 9726 9739 9742 9744 9919 9977 11400 11416 11559 11566 11599 11609 11614 11632 11633 11661 11664 11678 11681 11690 11693 11694 11696 11708 11724 11727 11729 12309 12380 13123 
	}
	
	history={
		owner = CAR
		buildings = {
			infrastructure = 4
			industrial_complex = 1

		}
		add_core_of = CAR
		victory_points = { 3668 5 }
		victory_points = { 12309 20 }
		victory_points = { 426 5 }
	}
	
	manpower=2000000
	resources={
		#aluminium=8
	}
	state_category = rural
	buildings_max_level_factor=1.000
}
