state={
	id=780
	name="STATE_780"
	provinces={
		212 238 246 261 288 300 302 315 328 343 356 384 418 429 453 457 463 472 486 488 501 502 511 522 558 559 580 582 588 3199 3225 3250 3292 3306 3335 3364 3376 3399 3409 3421 3449 3452 3455 3464 3466 3468 3479 3491 3492 3508 3520 3531 3542 3554 3557 3580 3584 3767 6252 6254 6279 6304 6315 6330 6355 6365 6386 6411 6420 6423 6445 6451 6474 6478 6481 6493 6495 6505 6507 6508 6517 6530 6543 6554 6565 6577 6578 6596 6603 6605 6776 9260 9261 9313 9328 9355 9366 9384 9411 9413 9417 9419 9430 9433 9437 9446 9449 9461 9463 9477 9479 9491 9518 9519 9531 9542 9543 9556 9566 9571 9573 9729 9783 9902 11214 11242 11244 11283 11284 11310 11337 11368 11397 11403 11405 11418 11422 11425 11434 11437 11439 11452 11461 11462 11489 11500 11504 11526 11530 11541 11553 11561 11597 11700 
	}
	
	history={
		owner = ART
		buildings = {
			infrastructure = 2
			industrial_complex = 2
		}
		add_core_of = ART

	}
	manpower=2000000
	resources={
		rubber=23
		oil=7
	}
	state_category = town
	buildings_max_level_factor=1.000
}
