state={
	id=789
	name="STATE_789"
	provinces={
		313 340 413 433 437 449 471 473 484 487 500 509 510 523 534 544 547 570 579 3291 3304 3318 3346 3431 3465 3469 3478 3489 3504 3519 3527 3539 3540 3566 3567 6230 6317 6328 6341 6369 6398 6428 6432 6454 6477 6492 6494 6519 6528 6544 6553 6566 6587 6591 9312 9339 9352 9367 9394 9422 9424 9448 9460 9464 9476 9488 9489 9502 9516 9529 9540 9552 9564 9565 9579 11296 11323 11396 11408 11412 11436 11450 11451 11459 11475 11476 11485 11487 11501 11512 11513 11540 11551 11555 
	}
	
	history={
		owner = ART
		buildings = {
			infrastructure = 2
			arms_factory = 1
			industrial_complex = 1
		}

	}
	manpower=3000000
	resources={
		rubber=14
		oil=12
	}
	state_category = rural
	buildings_max_level_factor=1.000
}
