state={
	id=845
	name="STATE_845"
	provinces={
		517 828 952 1004 1027 1034 1134 1137 1139 1169 1180 1188 1203 1438 1458 1489 1519 1531 1575 1590 1630 1647 1723 1853 1933 1959 1985 2087 3427 3742 3745 4032 4058 4074 4093 4114 4140 4144 4174 4190 4208 4469 4525 4538 4606 4612 4634 4729 4783 4856 4939 4960 4986 5007 5025 5031 5057 6638 6828 6904 7000 7048 7074 7092 7109 7129 7158 7208 7314 7511 7545 7571 7631 7656 7659 7674 7803 7806 8049 8055 8081 8127 9776 9958 10022 10053 10367 10397 10421 10424 10451 10480 10507 10558 10629 10632 10689 10724 10733 10770 10854 10880 10899 11752 11931 11933 12026 12062 12078 12156 12300 12344 12356 12403 12432 12539 12541 12609 12669 12706 12750 12776 12880 
	}
	history={
		owner = RHU
		buildings = {
			infrastructure = 2
			air_base = 1
			industrial_complex = 3
		}
		add_core_of = RHU
		victory_points = { 11752 10 }
		victory_points = { 7048 5 }
		victory_points = { 1959 2 }
		victory_points = { 3745 2 }
		victory_points = { 10689 1 }
	}
	manpower=3000000
	resources={
		oil=4
	}
	state_category = town
	buildings_max_level_factor=1.000
}
