state={
	id=870
	name="STATE_870"
	provinces={
		1545 1588 1645 1666 1693 1730 1732 1739 1748 1776 1802 1845 1847 4592 4649 4675 4725 4731 4752 4762 4809 4821 4832 4847 4852 7526 7582 7613 7652 7691 7697 7725 7746 7763 7767 7785 7801 7832 7844 7848 7851 7873 7889 7894 7897 10368 10379 10433 10541 10559 10565 10567 10574 10608 10643 10655 10667 10675 10678 10681 10698 10714 10722 12412 12537 12543 12548 12556 12565 12618 12622 12654 12657 12660 12678 12694 
	}
	history={
		owner = RHU
		buildings = {
			infrastructure = 2
			arms_factory = 1
		}
		add_core_of = RHU

	}
	manpower=1000000
	state_category = rural
	buildings_max_level_factor=1.000
}
