state={
	id=871
	name="STATE_871"
	provinces={
		664 681 725 753 783 810 837 944 946 957 973 1504 1567 1571 3695 3723 3739 3753 3787 3791 3811 3815 3843 3932 3944 3947 3977 4551 5427 6684 6686 6715 6806 6811 6833 6838 6863 6944 6947 6961 6964 6989 7523 7569 7591 7663 7670 7672 9623 9639 9641 9762 9766 9782 9798 9883 9895 9897 9913 9926 9928 10215 10376 10463 10466 10503 10519 10521 10955 11624 11626 11629 11643 11744 11745 11750 11765 11777 11862 11864 11879 11893 11904 11906 12311 12312 12342 12355 12443 12482 12500 12839 
	}
	history={
		owner = RHU
		buildings = {
			infrastructure = 4
			air_base = 1
			arms_factory = 1
			industrial_complex = 2
		}
		add_core_of = RHU

	}
	manpower=4000000
	resources={
	}
	state_category = city
	buildings_max_level_factor=1.000
}
