state={
	id=872
	name="STATE_872"
	provinces={
		814 836 846 881 887 892 900 912 916 934 945 964 987 1029 1052 1069 1076 1084 1104 1124 1150 1154 1184 1200 1551 1608 1796 3783 3814 3830 3839 3849 3881 3888 3895 3900 3913 3934 3949 3955 3970 4010 4031 4037 4052 4071 4082 4089 4123 4137 4157 4181 4186 4205 4222 4495 4555 4655 4873 6804 6837 6851 6860 6868 6898 6905 6910 6918 6951 6969 6981 7025 7055 7085 7089 7105 7142 7155 7160 7189 7200 7648 9759 9781 9788 9790 9795 9803 9835 9843 9848 9854 9866 9873 9885 9905 9918 9956 9969 9971 9987 10000 10003 10018 10043 10068 10072 10102 10119 10372 10575 10647 10952 10953 10957 10958 11432 11435 11445 11446 11463 11761 11764 11771 11801 11808 11815 11821 11822 11824 11828 11835 11886 11896 11944 11962 11980 11996 12015 12043 12045 12055 12067 12069 12074 12093 12306 12315 12331 12348 12448 12554 12629 12836 12845 12849 
	}
	history={
		owner = RHU
		buildings = {
			infrastructure = 3
			arms_factory = 1
			industrial_complex = 2
		}
		add_core_of = RHU

	}
	resources = {
		rubber=10
		oil=8
	}
	manpower=5000000
	state_category = town
	buildings_max_level_factor=1.000
}
