1 7
1 58 
1 83 
1 179 
1 306 
1 311 
1 368 
1 430 
1 495 
1 557 
1 573 
1 605 
1 620 
1 640 
1 675 
1 704 
1 902 
1 925 
1 1088 
1 1124 
1 1161 
1 1203 
1 1227
1 1242 
1 1248 
1 1304 
1 1391 
1 1406 
1 1422 
1 1544 
1 1622 
1 1641 
1 1719 
1 1781 
1 1798 
1 1840 
1 1863 
1 1872 
1 1873 
1 1880 
1 2031 
1 2092 
1 2103 
1 2175 
1 2251 
1 2258 
1 2288 
1 2335 
1 2367 
1 2464 
1 2466 
1 2647 
1 2727 
1 2738 
1 2768 
1 2769 
1 2864 
1 2893 
1 2895 
1 2897 
1 2908 
1 2945 
1 2968 
1 3002 
1 3125 
1 3180 
1 3186 
1 3270 
1 3446 
1 3468 
1 3517 
1 3631 
1 3752 
1 3824 
1 3827 
1 3846 
1 3861 
1 3868 
1 3874 
1 3923 
1 3972 
1 3985 
1 4072 
1 4098 
1 4103 
1 4126 
1 4142 
1 4246 
1 4262 
1 4266 
1 4297 
1 4323 
1 4330 
1 4334 
1 4404 
1 4426 
1 4468 
1 4506 
1 4597 
1 4627 
1 4628 
1 4677 
1 4710 
1 4726 
1 4742 
1 4753 
1 4824 
1 4984 
1 5038 
1 5040 
1 5041 
1 5046 
1 5094 
1 5179 
1 5190 
1 5219 
1 5329 
1 5361 
1 5440 
1 5480 
1 5485 
1 5512 
1 5535 
1 5655 
1 5658 
1 5722 
1 5783 
1 5810 
1 5824 
1 5853 
1 5908 
1 5957 
1 6132 
1 6209 
1 6215 
1 6251 
1 6260 
1 6348 
1 6374 
1 6407 
1 6481 
1 6558 
1 6610 
1 6720 
1 6760 
1 6775 
1 6851 
1 6898 
1 6913 
1 6916 
1 6928 
1 6967 
1 6980 
1 6996 
1 7015 
1 7081 
1 7111 
1 7230 
1 7250 
1 7286 
1 7302 
1 7323 
1 7391 
1 7461 
1 7525 
1 7600 
1 7623 
1 9062 
