
state={
	id=100
	name="STATE_100"

	history={
		owner = DAG
		buildings = {
			infrastructure = 1
			industrial_complex = 1

		}
		add_core_of = DAG

	}

	provinces = {
		66 1039 1661 1665 1848 2386 2533 2638 2665 2758 2847 3124 3368 3448 3586 4034 4467 5169 5259 5482 5946 6200 6226 6493 6910 6989 7234 7810 8223 8399 8402 8497 8912 9245 9270 9502 9674 9811 10070 14140 14194 14258 14331 14342 14407 14419 14445 14455 14468 14543 14560 14594 14595 14606 14612 14619 14626 14686 14701 14702 14738 14752 14788 14801 14850 14871 14930 14933 14984 15021 15074 15094 15166 15217 
	}
	manpower=1000000
	buildings_max_level_factor=1.000
	state_category=rural
	local_supplies=0.000
}
