
state={
	id=101
	name="STATE_101"
	resources={
		tungsten=2.000
	}

	history={
		owner = DAG
		buildings = {
			infrastructure = 1

		}
		add_core_of = DAG
		victory_points = {
			3826 999 
		}

	}

	provinces={
		72 318 329 525 534 573 654 728 946 959 992 1149 1307 1401 1434 1446 1449 1453 1522 1644 1654 1720 1775 1798 1847 1941 1951 2005 2015 2022 2217 2249 2278 2329 2433 2447 2523 2583 2665 2847 2933 2958 2963 2985 3021 3037 3053 3103 3130 3190 3363 3420 3434 3481 3498 3576 3605 3772 3820 3826 3861 3927 3934 3987 4039 4075 4110 4232 4345 4523 4527 4586 4708 4882 4987 5085 5087 5320 5421 5472 5695 5710 7117 7137 7144 7145 7148 7164 7194 7212 7217 7237 7244 7270 7275 7299 7300 7304 7315 7324 7331 7340 7347 7359 7367 7404 
	}
	manpower=800000
	buildings_max_level_factor=1.000
	state_category=wasteland
	local_supplies=0.000
}
