
state={
	id=101
	name="STATE_101"
	resources={
		tungsten=2.000
	}

	history={
		owner = DAG
		buildings = {
			infrastructure = 1

		}
		add_core_of = DAG


	}

	provinces = {
		122 201 708 790 1312 1316 2140 2385 2903 3130 3810 4534 4657 4775 4823 5005 5052 5092 5223 6184 6257 6311 6349 6691 7037 7275 7598 7606 7634 7697 8005 8213 8585 8587 8645 9510 9525 9547 9691 9871 9910 10058 15544 15589 15620 15671 15692 15693 15716 15727 15733 15737 15756 15772 15778 15830 15844 15858 15866 15869 15870 15889 15899 15922 15925 15947 15950 15972 15973 15985 16019 16061 16091 16129 16161 
	}
	manpower=800000
	buildings_max_level_factor=1.000
	state_category=wasteland
	local_supplies=0.000
}
