
state={
	id=102
	name="STATE_102"

	history={
		owner = RHU
		buildings = {
			infrastructure = 3
			air_base = 1

		}
		add_core_of = RHU
		victory_points = {
			3299 15 
		}
		victory_points = {
			187 25 
		}
		victory_points = {
			6328 1 
		}

	}

	provinces={
		44 84 115 140 187 263 356 381 392 504 548 595 616 638 682 683 696 732 882 931 961 1033 1106 1129 1130 1145 1207 1284 1288 1331 1375 1388 1406 1468 1487 1579 1589 1715 1765 1800 1816 1874 1891 1897 1920 1935 1959 1962 2001 2003 2029 2038 2065 2119 2179 2203 2261 2269 2275 2322 2337 2338 2349 2366 2438 2478 2567 2606 2622 2668 2671 2678 2687 2705 2772 2803 2815 2828 2852 2915 2941 2945 2946 2990 2999 3075 3111 3117 3132 3133 3162 3191 3204 3223 3264 3297 3299 3303 3348 3430 3475 3486 3492 3497 3506 3560 3571 3593 3609 3640 3691 3746 3824 3872 3959 3989 4003 4074 4076 4165 4205 4242 4244 4249 4254 4265 4308 4341 4362 4380 4390 4421 4445 4466 4473 4476 4478 4517 4532 4571 4589 4594 4599 4603 4607 4657 4692 4702 4713 4730 4735 4736 4737 4744 4747 4756 4762 4780 4843 4847 4853 4860 4861 4876 4958 4990 5004 5020 5060 5107 5268 5270 5420 5442 5461 5463 5501 5591 5619 5660 5663 5671 5711 5759 5796 6062 6116 6147 6165 6210 6238 6245 6261 6273 6278 6283 6299 6300 6314 6316 6324 6328 6335 6353 6363 6365 6371 6377 6381 6390 6393 6401 6415 6417 6422 6435 6437 6439 6440 6441 6444 6462 6470 6474 6475 6481 6488 6501 6513 6521 6524 6525 6526 6529 6530 6531 6534 6551 6555 6558 6562 6567 6572 6581 6587 6590 6595 6599 6604 6614 6617 6618 6622 6637 6641 6649 6671 6679 6695 6714 6718 6775 
	}
	manpower=5000000
	buildings_max_level_factor=1.000
	state_category=rural
	local_supplies=0.000
}
