
state={
	id=103
	name="STATE_103"
	resources={
		steel=16.000
		oil=25.000
	}

	history={
		owner = DOR
		buildings = {
			infrastructure = 3
			arms_factory = 2
			industrial_complex = 2

		}
		add_core_of = DOR


		victory_points = { 8735 10 }
		victory_points = { 7157 5 }
	}

	provinces = {
		96 164 194 377 914 1320 1359 1493 1858 1875 2220 2338 2542 2726 2787 2819 2855 2911 2925 3080 3117 3233 3789 3915 3993 4115 4227 4236 4476 4520 4592 4774 4853 4961 5124 5132 5270 5361 5374 5463 5693 5986 5993 6122 6269 6515 6990 7002 7079 7082 7157 7389 7529 7615 8048 8087 8129 8220 8328 8615 8677 8735 8891 9074 9080 9119 9154 9167 9179 9385 9393 9643 9687 9901 9991 9998 12718 12822 12853 12901 12902 12970 13121 13133 13134 13175 13217 13247 13272 13273 13274 13314 13332 13333 13380 13420 13431 13432 13440 13449 13458 13480 13486 13502 13534 13535 13536 13567 13614 13642 13652 13653 13666 13677 13715 13720 13723 13724 13763 13773 13782 13794 13795 13803 13830 13831 13858 13865 13909 13941 13963 13964 13995 14002 14067 14112 14133 14134 14141 14163 14172 14183 14184 14201 14236 14304 14314 14353 14386 
	}
	manpower=450000
	buildings_max_level_factor=1.000
	state_category=town
	local_supplies=0.000
}
