
state={
	id=105
	name="STATE_105"
	resources={
		oil=16.000
		chromium=16.000
	}

	history={
		owner = HAR
		buildings = {
			dockyard = 2
			infrastructure = 4
			air_base = 2
			arms_factory = 3
			industrial_complex = 1


			7412 = { naval_base = 2 }
			3050 = { naval_base = 3 }
			3050 = { bunker = 1 }
		}
		add_core_of = HAR
		add_claim_by = GON



		victory_points = { 7412 3 }
		victory_points = { 3050 5 }
	}

	provinces = {
		199 590 630 801 1211 1479 1840 2040 2249 2328 2355 2410 2610 2996 3050 3064 3136 3155 3458 3589 3742 3809 3855 3921 4020 4117 4190 4279 4413 4427 4482 4955 4994 5207 5326 5905 5931 6266 6388 6505 6526 6994 7070 7133 7319 7412 7571 7675 7728 7897 8270 8301 8511 8529 8548 8586 8667 8727 9260 9392 9443 9809 9829 9874 9951 10082 17466 17467 17490 17491 17492 17497 17505 17518 17522 17539 17553 17574 17575 17576 17577 17579 17582 17594 17617 17618 17626 17632 17633 17641 17650 17654 17655 17670 17672 17689 17690 17692 17699 17700 17701 17702 17710 17719 17720 17722 17728 17729 17732 17734 17738 17739 17740 17748 17749 17757 17765 17768 17775 17776 17777 17784 17787 17788 17797 17799 17803 17805 17806 17808 17812 17813 17817 17819 17823 17824 17827 17828 17831 17834 17837 17843 17853 17860 17863 17868 
	}
	manpower=6000000
	buildings_max_level_factor=1.000
	state_category=city
	local_supplies=0.000
}
