
state={
	id=106
	name="STATE_106"

	history={
		owner = HAR
		buildings = {
			dockyard = 2
			infrastructure = 3
			arms_factory = 1
			industrial_complex = 2


			18052 = { naval_base = 3 }
			6345 = { naval_base = 1 }
			3536 = { naval_base = 1 }
		}
		add_core_of = HAR
		add_claim_by = GON



		victory_points = { 18052 5 }
		victory_points = { 17873 3 }
	}

	provinces = {
		44 308 446 474 545 663 690 1322 1486 1511 1845 2271 2594 2717 2834 2896 2949 2980 3096 3145 3170 3204 3216 3348 3536 3776 3804 3818 3893 4291 4346 4586 4638 4812 4992 5195 5321 5377 5608 5705 5950 6261 6292 6323 6345 6544 6952 7114 7213 7310 7361 7425 7507 7746 7871 7988 8020 8542 8701 9190 9209 9526 9747 10018 17842 17851 17852 17856 17859 17867 17873 17881 17891 17894 17897 17903 17904 17911 17917 17918 17925 17926 17927 17928 17930 17932 17937 17941 17947 17949 17950 17951 17957 17958 17959 17963 17967 17970 17971 17977 17980 17983 17984 17988 17989 17993 17996 17997 18009 18011 18012 18014 18015 18017 18020 18023 18024 18026 18029 18030 18031 18034 18037 18038 18039 18041 18042 18043 18045 18049 18052 18056 18061 18062 18064 18067 18068 18083 
	}
	manpower=4000000
	buildings_max_level_factor=1.000
	state_category=city
	local_supplies=0.000
}
