
state={
	id=107
	name="STATE_107"
	resources={
		chromium=24.000
	}

	history={
		owner = HAR
		buildings = {
			infrastructure = 4
			arms_factory = 1
			industrial_complex = 2
			9275 = {
				bunker = 4

			}

		}
		add_core_of = HAR
		add_claim_by = GON
		victory_points = { 8591 18 }
		victory_points = { 3496 1 }
		victory_points = { 8201 1 }
		victory_points = { 9275 2 }

	}

	provinces = {
		519 546 782 800 830 837 894 971 1203 1444 1646 1790 1943 2204 2214 2550 2556 2613 2686 2763 2858 2939 2985 3143 3334 3367 3383 3484 3496 3579 3675 3685 4098 4183 4349 4395 4473 4507 4605 4611 4713 4987 5123 5249 5383 5508 5530 5662 5740 5803 5825 6086 6151 6173 6191 6298 6613 6617 6830 7422 7518 7723 7883 7956 8201 8583 8591 8608 8656 8890 9275 9350 9694 17378 17389 17414 17433 17460 17477 17481 17508 17515 17523 17545 17550 17554 17590 17602 17608 17612 17624 17634 17635 17638 17656 17668 17669 17673 17674 17675 17681 17693 17703 17708 17711 17712 17715 17723 17733 17735 17741 17742 17743 17750 17758 17761 17762 17782 17800 17804 17807 17809 17818 17832 17857 17869 17870 17882 17888 17912 17914 17915 17939 17940 17956 17972 17994 18001 18027 18040 18059 
	}
	manpower=6000000
	buildings_max_level_factor=1.000
	state_category=town
	local_supplies=0.000
}
