
state={
	id=109
	name="STATE_109"
	resources={
		chromium=5.000
		oil=8.000
	}

	history={
		owner = HAR
		buildings = {
			infrastructure = 4
			arms_factory = 2
			industrial_complex = 1
			anti_air_building = 1

		}
		add_core_of = HAR
		victory_points = {
			4293 5 
		}

	}

	provinces={
		96 489 588 608 660 811 849 995 1051 1172 1193 1235 1289 1476 1610 1643 1720 1726 1938 1991 2224 2649 2773 2800 2850 3111 3320 3378 3431 3444 3563 3635 3655 3661 3713 3717 3781 3899 3944 3958 4034 4161 4185 4272 4293 4369 4394 4618 4696 4764 4782 4915 4974 5023 5131 5143 5177 5213 5227 5322 5326 5505 7536 7553 7554 7555 7556 7561 7562 7564 7566 7567 7569 7579 7580 7583 7585 7590 7591 7593 7594 7597 7599 7604 7612 7613 7614 7617 7624 7625 7626 7631 7632 7635 7636 7642 7644 
	}
	manpower=12000000
	buildings_max_level_factor=1.000
	state_category=large_city
	local_supplies=0.000
}
