
state={
	id=11
	name="STATE_11"
	resources={
		oil=20.000
		tungsten=16.000
	}

	history={
		owner = MOR
		buildings = {
			infrastructure = 4
			air_base = 0
			arms_factory = 5
			industrial_complex = 5

		}
		add_core_of = MOR

		victory_points = { 17610 5 }
	}

	provinces = {
		158 1089 1099 2318 2619 2622 2629 3042 3437 3666 3704 3783 3936 4053 4250 4294 4367 4469 4523 4827 5243 5366 5563 5763 5809 5921 6018 6528 6677 6883 6969 7065 7098 7517 7751 8106 8125 8381 8557 8665 9024 9065 9218 9222 9562 9570 9825 9981 17304 17315 17338 17344 17345 17360 17371 17380 17393 17400 17403 17421 17434 17436 17437 17441 17456 17469 17470 17478 17487 17498 17504 17513 17527 17530 17531 17537 17541 17556 17560 17561 17562 17566 17571 17604 17610 17614 17620 17622 17644 17676 
	}
	manpower=5000000
	buildings_max_level_factor=1.000
	state_category=metropolis
	local_supplies=0.000
}
