
state={
	id=110
	name="STATE_110"
	resources={
		steel=8.000
	}

	history={
		owner = HAR
		buildings = {
			infrastructure = 2

		}
		add_core_of = HAR

	}

	provinces={
		147 383 702 766 813 1112 1113 1266 1373 1759 2143 2172 2222 2413 2678 2802 2853 2860 2886 2973 2992 3038 3166 3243 3354 3368 3413 3464 3616 3632 3770 3795 4174 4373 4722 4731 4760 5111 5216 5471 5490 7403 7405 7414 7418 7420 7424 7431 7435 7438 7446 7449 7452 7460 7464 7473 7474 7484 7485 7487 7491 7497 7499 7503 7512 
	}
	manpower=500000
	buildings_max_level_factor=1.000
	state_category=rural
	local_supplies=0.000
}
