
state={
	id=111
	name="STATE_111"

	history={
		owner = HAR
		buildings = {
			infrastructure = 4
			industrial_complex = 1

			7607 = { bunker = 2 }
		}
		add_core_of = HAR

		victory_points = { 7607 20 }
		victory_points = { 2379 1 }
	}

	provinces = {
		119 185 507 702 816 823 929 964 990 1148 1179 1212 1266 1412 1478 1497 1506 1533 1639 1665 1907 2029 2069 2157 2172 2218 2251 2264 2286 2287 2379 2422 2428 2507 2543 2678 2759 2787 2805 2837 2928 2939 2959 2969 2980 3084 3097 3263 3283 3310 3343 3358 3368 3406 3463 3541 3555 3597 3630 3725 3765 3768 3809 3967 4056 4116 4132 4322 4442 4509 4523 4583 4615 4625 4644 4714 4723 4860 4938 4939 5064 5100 5150 5347 5356 5370 5377 5386 5409 5538 7333 7340 7375 7386 7389 7400 7404 7412 7415 7445 7446 7453 7458 7461 7474 7475 7476 7492 7494 7500 7504 7508 7510 7513 7521 7526 7530 7531 7532 7537 7539 7540 7545 7548 7557 7559 7571 7573 7576 7577 7587 7600 7606 7607 
	}
	manpower=4000000
	buildings_max_level_factor=1.000
	state_category=town
	local_supplies=0.000
}
