
state={
	id=112
	name="STATE_112"
	resources={
		oil=5.000
		rubber=10.000
	}

	history={
		owner = HAR
		buildings = {
			dockyard = 2
			infrastructure = 3
			arms_factory = 1
			industrial_complex = 1
			2553 = {
				naval_base = 5

			}
			1668 = {
				naval_base = 5

			}

		}
		add_core_of = PEL
		victory_points = {
			2553 15 
		}

	}

	provinces={
		126 133 147 196 206 277 380 507 520 607 662 665 692 816 819 844 895 1008 1051 1099 1153 1203 1259 1317 1318 1342 1349 1380 1447 1463 1477 1515 1526 1532 1554 1588 1596 1646 1667 1668 1727 1737 1879 1968 2004 2011 2020 2041 2094 2105 2206 2208 2215 2243 2281 2292 2390 2402 2462 2486 2518 2553 2609 2626 2676 2714 2726 2762 2885 2953 3051 3066 3077 3115 3160 3189 3214 3215 3236 3260 3392 3400 3408 3459 3564 3566 3590 3597 3649 3741 3764 3831 3998 4013 4032 4041 4046 4051 4212 4246 4261 4283 4315 4363 4381 4385 4388 4406 4410 4412 4424 4495 4509 4526 4528 4552 4581 4627 4630 4709 4746 4757 4889 4896 4976 4979 5000 5040 5070 5119 5136 5216 5240 5266 5283 5289 5375 5401 5416 5428 5430 5510 5625 5672 5742 8034 8035 8037 8038 8040 8041 8043 8044 8045 8049 8050 8051 8054 8055 8057 8058 8061 8062 8064 8065 8068 8070 8071 8072 8073 8074 8075 8076 8077 8078 8079 8080 8081 8082 8084 8085 8087 8088 8092 8093 8094 8095 8096 8097 8098 8099 8100 8102 8103 8104 
	}
	manpower=2000000
	buildings_max_level_factor=1.000
	state_category=large_city
	local_supplies=0.000
}
