
state={
	id=113
	name="STATE_113"

	history={
		owner = HAR
		buildings = {
			infrastructure = 2

		}
		add_core_of = HAR

	}

	provinces = {
		137 139 193 332 340 342 444 455 582 594 703 869 1029 1079 1087 1113 1278 1385 1560 1565 1650 1670 1677 1944 1994 2071 2180 2205 2293 2314 2321 2336 2476 2477 2487 2545 2549 2555 2605 2618 2634 2673 2737 2825 2870 2978 3060 3086 3150 3287 3347 3421 3599 3610 3821 3931 3935 3943 4030 4086 4383 4428 4439 4489 4515 4576 4600 4637 4658 4672 4804 4816 4868 5040 5127 5267 5467 5469 5627 5653 5717 5930 5967 6053 6072 6214 6265 6330 6378 6484 6561 6674 6749 6786 6934 6939 7222 7226 7301 7302 7545 7603 7656 7684 8023 8138 8259 8312 8482 8707 8961 9068 9255 9592 9796 9870 9927 9978 18276 18301 18314 18316 18318 18326 18328 18331 18337 18342 18346 18352 18353 18359 18365 18366 18367 18368 18370 18371 18373 18378 18381 18386 18389 18394 18395 18399 18401 18407 18409 18411 18413 18414 18417 18420 18422 18426 18435 18443 18444 18447 18452 18453 18454 18462 18468 18472 18478 18481 18483 18485 18499 18510 18512 18513 18517 18528 18541 18550 18551 18554 18564 18594 18597 
	}
	manpower=1000000
	buildings_max_level_factor=1.000
	state_category=rural
	local_supplies=0.000
}
