
state={
	id=114
	name="STATE_114"

	history={
		owner = HAR
		buildings = {
			infrastructure = 2
			industrial_complex = 1

		}
		add_core_of = HAR

	}

	provinces={
		12 30 62 235 275 302 313 326 452 492 527 651 859 1041 1229 1230 1360 1521 1579 1669 1799 1844 1927 1969 2079 2206 2210 2232 2425 2432 2849 2870 3068 3088 3093 3257 3322 3336 3353 3362 3393 3688 3728 4131 4145 4388 4461 4527 4716 4967 4978 5269 5435 5484 7683 7697 7704 7712 7713 7716 7721 7724 7728 7732 7745 7749 7751 7764 7771 7778 7780 
	}
	manpower=15000
	buildings_max_level_factor=1.000
	state_category=rural
	local_supplies=0.000
}
