
state={
	id=115
	name="STATE_115"
	resources={
		steel=15.000
	}

	history={
		owner = HAR
		buildings = {
			infrastructure = 4
			air_base = 1
			arms_factory = 2
			industrial_complex = 2

		}
		add_core_of = KND


	}

	provinces={
		239 287 570 667 773 1058 1059 1176 1179 1259 1278 1644 1747 2046 2184 2251 2302 2531 2703 2728 2743 2759 2805 2828 2837 3007 3272 3412 3449 3541 3640 3674 3692 3803 4056 4078 4278 4442 4487 4615 4740 4845 4916 4965 5064 5093 5188 5244 5337 5414 5548 7272 7296 7304 7308 7324 7333 7340 7347 7348 7357 7364 7399 7409 7413 7422 7425 7432 7433 7436 7447 7454 7456 7465 7466 7469 7488 7498
	}
	manpower=2500000
	buildings_max_level_factor=1.000
	state_category=large_city
	local_supplies=0.000
}
