
state={
	id=116
	name="STATE_116"

	history={
		owner = HAR
		buildings = {
			infrastructure = 1

		}
		add_core_of = HAR

	}

	provinces = {
		1 3 17 161 166 187 215 230 241 394 423 440 454 541 572 587 609 619 672 690 723 735 737 808 830 886 933 974 1002 1005 1077 1147 1167 1327 1381 1486 1496 1557 1682 1750 1771 2028 2043 2055 2059 2326 2347 2551 2636 2644 2918 3014 3377 3421 3602 4118 4357 4578 4605 5124 5274 5286 5333 5341 7637 7699 7757 7763 
	}
	manpower=3
	buildings_max_level_factor=1.000
	state_category=wasteland
	local_supplies=0.000
}
