
state={
	id=118
	name="STATE_118"

	history={
		owner = HAR
		buildings = {
			infrastructure = 1

		}
		add_core_of = KND

		victory_points = { 2037 1 }
	}

	provinces = {
		282 368 881 1001 1009 1106 1121 1283 1306 1335 1671 1956 1978 2037 2109 2229 2382 2414 2514 2520 2617 2647 2687 2747 2881 3020 3030 3046 3241 3286 3295 3302 3588 3650 3766 4016 4081 4464 4475 4599 4707 4780 5134 5147 5149 5217 5220 5311 7565 7570 7598 7608 7609 7618 7619 7627 7648 7654 7655 7656 7658 7659 7661 7662 7665 7668 7670 7674 7707 
	}
	manpower=100000
	buildings_max_level_factor=1.000
	state_category=enclave
	local_supplies=0.000
}
