
state={
	id=119
	name="STATE_119"

	history={
		owner = HAR
		buildings = {
			infrastructure = 1

			18565 = { naval_base = 2 }
		}
		add_core_of = KND

	}

	provinces = {
		2 618 668 785 818 1011 1093 1122 1558 1669 1957 1989 2157 2514 2658 2768 2853 3159 3270 3499 3731 3822 3877 4005 4372 4378 4379 4508 4781 4861 5131 5170 5180 5313 5402 5494 5711 5900 5963 5981 6004 6290 6733 6773 6972 6986 7194 7196 7307 7352 7435 7453 7470 7542 7721 7894 7940 8158 8384 8484 8580 8927 9132 9146 9435 9523 9739 9805 9873 18547 18555 18557 18560 18562 18565 18569 18572 18574 18580 18584 18587 18589 18591 18592 18593 18595 18596 18598 18599 18601 18602 18604 18605 18606 18607 18608 18609 18611 18613 18614 18615 18616 18620 18621 18622 18623 18624 18625 18626 18627 18628 18629 18631 18632 18633 18635 18637 18638 18639 18640 18642 18643 18645 18646 18647 18648
	}
	manpower=12000
	buildings_max_level_factor=1.000
	state_category=enclave
	local_supplies=0.000
}
