
state={
	id=120
	name="STATE_120"

	history={
		owner = MOR
		buildings = {
			infrastructure = 1

		}
		add_core_of = MOR

	}

	provinces = {
		316 633 1310 1412 1429 1537 1538 1756 1894 2096 2121 2135 2323 2399 2998 3016 3172 3481 3486 3795 3878 3884 3925 4336 4500 4503 4642 4699 5254 5710 5879 6045 6215 6770 6780 6888 7083 7104 7276 7315 7462 8008 8081 8086 8194 8410 8712 8889 9166 9451 9532 9723 9853 16833 16847 16857 16922 16923 16950 16955 16963 16964 16981 16989 16997 17004 17005 17047 17052 17066 17070 17084 17091 17094 17095 17126 17132 17154 17169 17170 17180 17194 17221 17227 17257 17261 17262 17281 17285 17301 17302 17316 17321 17346 17352 17368 17372 17379 17390 17404 17416 17422 17438 17450 17471 17483 17501 17509 17510 17533 
	}
	manpower=100
	buildings_max_level_factor=1.000
	state_category=rural
	local_supplies=0.000
}
