
state={
	id=123
	name="STATE_123"

	history={
		owner = HAR
		add_core_of = KND
		buildings = {
			infrastructure = 1

		}

		victory_points = { 6901 1 }
	}

	provinces = {
		249 273 380 472 510 789 1409 1420 1599 1727 1777 1910 2046 2231 2284 2373 2420 2444 2453 2544 2655 2741 2784 3352 3556 3646 4345 4389 4446 4454 4483 4504 4633 5202 5362 5491 5939 6190 6663 6811 6901 6941 7151 7264 7476 7626 8237 8534 8629 8796 9516 17085 17133 17141 17145 17158 17171 17177 17178 17181 17188 17207 17236 17241 17251 17258 17266 17267 17278 17305 17322 17347 17373 17396 17428 17457 17595 17664 
	}
	manpower=1000
	buildings_max_level_factor=1.000
	state_category=wasteland
	local_supplies=0.000
}
