
state={
	id=124
	name="STATE_124"

	history={
		owner = RHU
		buildings = {
			infrastructure = 1

		}

		victory_points = { 4722 2 }
	}

	provinces = {
		479 551 586 591 730 862 878 1004 1249 1386 1551 1578 1690 2049 2130 2207 2460 2471 2474 2832 3034 3053 3071 3208 3212 3479 3521 3559 3605 3823 3926 3941 3991 4122 4297 4338 4394 4526 4552 4572 4722 5033 5073 5095 5188 5295 5382 5483 5497 5515 5518 5888 6124 6359 6361 6450 6459 6562 6966 7108 7209 7229 7477 7493 7563 7771 7954 7961 8142 8245 8275 8505 8577 8774 8873 9477 9495 9576 9908 10080 14985 15000 15032 15043 15095 15111 15153 15156 15167 15171 15182 15183 15202 15206 15218 15221 15229 15244 15245 15259 15260 15261 15277 15278 15288 15289 15314 15335 15342 15350 15366 15378 15379 15386 15387 15388 15391 15392 15405 15424 15444 15445 15455 15458 15464 15468 15475 15498 15499 15520 15531 15537 15567 15568 15579 15590 15613 15629 15664 15687 15735 15738 15739 15769 
	}
	manpower=1000
	buildings_max_level_factor=1.000
	state_category=wasteland
	local_supplies=0.000
}
