
state={
	id=126
	name="STATE_126"

	history={
		owner = RHU
		buildings = {
			infrastructure = 1

		}
		add_core_of = RHU

	}

	provinces = {
		204 288 290 294 404 454 775 977 993 1092 1199 1321 1378 1403 1427 1607 1748 1942 2108 2291 2319 2422 2428 2437 2515 2580 2703 2769 3137 3221 3257 3985 4009 4061 4180 4188 4704 4825 4836 5118 5912 6003 6132 6211 6988 7340 7803 7830 7983 8122 8533 8541 8572 8900 8963 9246 9334 9421 10009 11485 11576 11594 11666 11726 11736 11821 11830 11894 11942 11957 11979 12000 12143 12158 12181 12203 12246 12272 12286 12311 12321 12325 12380 
	}
	manpower=2600
	buildings_max_level_factor=1.000
	state_category=wasteland
	local_supplies=0.000
}
