
state={
	id=128
	name="STATE_128"
	resources={
		steel=12.000
		oil=8.000
		rubber=12.000
		chromium=3.000
	}

	history={
		owner = RHU
		buildings = {
			infrastructure = 5
			arms_factory = 2
			industrial_complex = 4

		}
		add_core_of = RHU
		victory_points = {
			13376 3 
		}

	}

	provinces={
		470 562 1779 2381 3003 3835 3934 4182 4288 4357 4366 4588 4598 4912 5096 5771 6002 6159 6675 6735 6760 6885 7004 7036 7266 7292 7520 7620 7788 8164 8535 9161 9781 9973 12910 12911 12924 12925 12996 12997 12998 13015 13074 13075 13094 13095 13106 13167 13194 13219 13228 13229 13248 13249 13276 13277 13297 13311 13344 13364 13375 13376 13385 13412 13422 13434 13452 13453 13459 13494 13504 13537 13541 13552 13569 13610 13634 13643 13660 13679 13699 13738 13867 19857 19858 19859 19861 19862 19864 19866 19867 
	}
	manpower=14000000
	buildings_max_level_factor=1.000
	state_category=large_city
	local_supplies=0.000
}
