
state={
	id=129
	name="STATE_129"

	history={
		owner = RHU
		buildings = {
			infrastructure = 2
			arms_factory = 1

		}
		add_core_of = RHU

	}

	provinces = {
		52 228 229 313 515 598 632 817 1101 1175 1257 1389 1507 1545 1613 1724 1780 1862 2030 2520 2654 2932 2967 3230 3235 3291 3353 3375 3532 3594 3613 3643 3808 3951 4114 4120 4449 4470 4554 4639 4756 4766 4888 4930 4940 4942 4945 5196 5222 5282 5288 5322 5413 5511 5790 5801 5821 5845 5898 5914 6062 6095 6167 6506 6518 6559 6728 6729 6836 6922 7341 7377 7426 7539 7694 7884 7887 7916 8042 8124 8241 8296 8625 8929 9271 9292 9325 9372 9406 9482 9501 9530 9546 9735 9914 9975 12387 12393 12461 12469 12501 12543 12610 12616 12659 12690 12709 12733 12765 12773 12774 12844 12845 12856 12863 12885 12891 12917 12985 12999 13007 13033 13061 13062 13084 13117 13124 13158 13176 13242 13298 13345 13365 13377 13413 13454 13487 13525 13542 13553 13559 13570 13591 13654 13685 13686 13706 13787 13804 13841 14014 
	}
	manpower=1000000
	buildings_max_level_factor=1.000
	state_category=rural
	local_supplies=0.000
}
