
state={
	id=130
	name="STATE_130"

	history={
		owner = RHU
		buildings = {
			infrastructure = 4
			air_base = 1
			arms_factory = 1
			industrial_complex = 2

		}
		add_core_of = RHU

		victory_points = { 6248 1 }
	}

	provinces = {
		80 168 247 533 652 868 1096 1098 1201 1502 1568 1575 2025 2258 2536 2711 2860 2933 2969 3175 3258 3323 3369 3371 3391 3442 3488 3503 3615 3627 3735 3969 4094 4505 4998 5151 5153 5158 5206 5577 5765 6088 6148 6248 6277 6400 6474 6545 6672 6908 7003 7018 7339 7437 7500 7639 7905 8091 8549 8631 9004 9108 9201 9568 9992 13734 13840 13849 13868 13882 13890 13891 13904 13930 13949 13965 13978 14003 14007 14013 14031 14035 14047 14055 14086 14103 14104 14187 14215 14216 14228 14248 14259 14260 14290 14300 14325 14326 14336 14358 14369 14370 14377 14420 14421 14439 14448 14488 14489 14494 14506 14522 14523 14539 14562 14581 14597 14598 14622 14628 14671 14690 14712 
	}
	manpower=4000000
	buildings_max_level_factor=1.000
	state_category=city
	local_supplies=0.000
}
