
state={
	id=132
	name="STATE_132"

	history={
		owner = RHU
		buildings = {
			infrastructure = 2
			industrial_complex = 1

		}
		add_core_of = RHU

	}

	provinces = {
		216 218 236 281 362 373 396 547 714 809 836 923 1173 1191 1392 1442 1571 1703 1971 2016 2376 2764 2766 3024 3057 3294 3346 3390 3457 3557 3569 3664 3775 4209 4271 4628 4792 4842 5075 5245 5610 5615 5766 5807 5815 6104 6424 6501 6712 6800 6942 6991 7100 7278 7375 7458 7461 7623 7980 8162 8322 9171 9613 9865 14640 14704 14742 14747 14782 14790 14806 14830 14831 14856 14908 14936 14966 14986 14994 15007 15008 15044 15052 15069 15140 15158 15172 15189 15207 15307 15321 15343 15351 15371 15382 15428 15488 15512 15532 15538 15604 15643 15801 
	}
	manpower=3000000
	buildings_max_level_factor=1.000
	state_category=town
	local_supplies=0.000
}
