
state={
	id=133
	name="STATE_133"

	history={
		owner = NEP
		buildings = {
			8570 = {
				naval_base = 1

			}
			1447 = {
				naval_base = 1

			}

		}
		add_core_of = NEP

	}

	provinces={
		8 33 37 64 86 106 125 160 217 226 240 263 285 286 294 342 346 349 361 384 395 397 404 417 426 483 500 551 602 654 659 697 705 718 755 790 850 875 907 914 921 968 1020 1029 1037 1048 1052 1068 1104 1189 1225 1253 1254 1302 1402 1447 1550 1554 1674 1696 1697 1733 1859 1893 1949 2131 2138 2289 2307 2366 2368 2404 2458 2527 2872 2966 2987 3049 3278 3325 3435 3608 3719 3808 3822 3864 3876 4168 4248 4321 4382 4441 4670 5067 5194 5516 5554 5555 5566 5577 5601 5603 5610 7798 7799 7800 
	}
	manpower=1
	buildings_max_level_factor=1.000
	state_category=wasteland
	local_supplies=0.000
}
