
state={
	id=136
	name="STATE_136"

	history={
		owner = GON
		buildings = {
			dockyard = 2
			infrastructure = 2

			9309 = { naval_base = 2 }
		}

	}

	provinces = {
		637 1160 1304 1350 1623 1675 2341 2396 2408 3290 3545 3738 4095 4388 4431 5014 5147 5230 5242 5480 5916 5956 5985 6077 6314 6338 6398 6701 6750 6816 7013 7185 7629 7649 7807 7808 8218 8308 8375 8503 8818 8964 9081 9138 9309 9346 9655 9789 10028 15775 15794 15841 15865 15878 15882 15897 15903 15931 15958 15967 15984 15994 16009 16014 16029 16032 16049 16053 16058 16089 16093 16095 16120 16128 16136 16144 16167 16177 16189 16190 16223 16235 16289 16302 16330 16331 16335 16388 16394 16437 16477 16478 16494 16520 16573 16630 16658 16746 16811 18670
	}
	manpower=250000
	buildings_max_level_factor=1.000
	state_category=rural
	local_supplies=0.000
}
