
state={
	id=137
	name="STATE_137"
	resources={
		steel=16.000
		oil=25.000
	}

	history={
		owner = DOR
		buildings = {
			infrastructure = 3
			arms_factory = 1
			industrial_complex = 1
		}
		add_core_of = DOR



		victory_points = { 6293 2 }
		victory_points = { 13411 20 }
		victory_points = { 1795 1 }
	}

	provinces = {
		142 752 1172 1317 1795 2340 2516 2895 2930 3149 3284 3316 3392 3408 3546 4224 4285 4543 4843 5008 5459 5620 5894 5933 6023 6079 6258 6293 6571 6829 6841 7028 7084 7369 7460 7559 7600 7892 7950 7953 7996 8022 8169 8282 8290 8307 8404 8433 8593 8601 8886 8921 8978 9424 9678 9742 9822 13239 13275 13283 13320 13325 13334 13335 13336 13354 13393 13411 13433 13450 13475 13493 13503 13516 13517 13524 13551 13568 13601 13602 13632 13633 13678 13684 13774 13816 13839 13866 13877 13881 13910 13919 13920 13975 13976 13977 14034 14045 14046 14068 14102 14107 14113 14125 14126 14135 14164 14185 14223 14227 14237 14270 14298 14343 14376 
	}
	manpower=250000
	buildings_max_level_factor=1.000
	state_category=town
	local_supplies=0.000
}
