state={
	id=139
	name="STATE_139"
	provinces = {
		1799 1876 1968 2228 2695 2835 3413 3847 4149 4893 5125 5722 5934 5952 6274 6627 6795 7747 7838 7942 8224 8556 8793 8895 9072 9087 9446 9748 9946 11563 11637 11684 11712 11713 11748 11762 11779 11792 11843 11848 11885 11945 11946 11982 11992 12009 12038 12072 12086 12121 12122 12145 12146 12183 12250 12300 12301 12328 12352 
	}
	history={
		owner = LIN
	}
	manpower=1
	state_category=wasteland 
	buildings_max_level_factor=1.000
	local_supplies=0.000
}
