state={
	id=143
	name="STATE_143"
	provinces = {
		501 603 806 895 1169 1807 2132 2756 3012 3262 3297 4154 4604 4608 4666 5088 5562 5633 5961 6071 6479 6713 7136 7180 7990 8013 8065 8763 8923 9046 9100 9268 9740 9995 10079 11217 11223 11276 11355 11356 11388 11401 11418 11452 11513 11550 11582 11629 11638 11685 11690 11755 11773 11806 11807 11825 11915 11939 11940 
	}
	history={
		owner = ART
		victory_points = { 7180 5 }
		victory_points = { 8763 1 }
	}
	manpower=1
	state_category=wasteland 
	buildings_max_level_factor=1.000
	local_supplies=0.000
}
