
state={
	id=144
	name="STATE_144"

	history={
		owner = CAR

		victory_points = { 12905 1 }
	}

	provinces = {
		621 769 906 2292 2296 2347 2698 3366 3501 3824 3826 4695 4908 4986 5148 5178 5839 6862 7150 7406 7672 8242 8811 9485 9953 12676 12715 12767 12783 12789 12834 12835 12889 12895 12905 12906 12941 12956 12966 12967 13036 13037 13038 13058 13068 13109 13129 13140 13189 13269 13307 13398 13446 
	}
	manpower=1
	state_category=wasteland 
	buildings_max_level_factor=1.000
	local_supplies=0.000
}
