state={
	id=147
	name="STATE_147"
	provinces = {
		296 442 1003 2120 2390 2867 2972 3248 3337 3692 4731 4769 4918 5053 5083 6351 6822 6834 7661 7837 7968 8209 8523 8687 8833 8914 8933 9287 9349 9386 9389 9970 11319 11373 11374 11489 11497 11498 11606 11616 11658 11716 11764 11774 11775 11808 11845 11846 11849 11963 12029 12040 12097 12113 12173 
	}
	history={
		owner = ART
		victory_points = { 3248 3 }
	}
	manpower=1
	state_category=wasteland 
	buildings_max_level_factor=1.000
	local_supplies=0.000
}
