state={
	id=151
	name="STATE_151"
	provinces = {
		12 467 623 1005 1328 1452 1860 2056 2192 2630 2992 3259 3285 3870 3971 4270 4880 5603 5841 5857 6401 6412 6607 6769 7221 7856 8109 8438 8836 8925 9134 9860 11507 11617 11646 11793 11801 11809 11810 11850 11865 11898 11908 11909 11917 11928 11948 11965 11971 11972 11994 12002 12023 12030 12065 12069 12084 12098 12106 12107 12114 12129 12130 12135 12136 12187 12226 12251 12257 12315 12323 
	}
	history={
		owner = RHD

		victory_points = { 3259 2 }
		victory_points = { 11917 10 }
	}
	manpower=1
	state_category=wasteland 
	buildings_max_level_factor=1.000
	local_supplies=0.000
}
