state={
	id=153
	name="STATE_153"
	provinces = {
		127 888 2440 2521 2833 2842 3148 3400 3412 3477 3575 3800 3874 3947 4145 4176 4277 4387 4764 5038 5602 5614 5699 6203 6281 6407 6534 6695 7484 7853 7859 8112 8261 8283 8382 8642 8846 8884 9013 9016 9085 9274 9333 9436 9542 9605 9782 9897 9949 10602 10682 10693 10743 10780 10799 10811 10831 10846 10865 10881 10915 10921 10922 10947 10982 10993 11005 11011 11021 11044 11072 11101 11129 11163 11168 11172 11181 11190 11196 11207 11230 11253 11265 11302 11309 11310 11335 
	}
	history={
		owner = ANG
		victory_points = { 10922 1 }
	}
	manpower=1
	state_category=wasteland 
	buildings_max_level_factor=1.000
	local_supplies=0.000
}
