state={
	id=155
	name="STATE_155"
	provinces = {
		641 1561 1796 1976 3040 3051 3231 3243 3600 4307 4671 4679 5418 6084 6447 6595 6659 6771 6817 6906 7129 7147 7403 7501 7534 8391 8658 8798 8882 9159 9548 9987 14382 14405 14549 14592 14676 14696 14735 14756 14762 14768 14798 14844 14845 14854 14867 14900 14901 14920 14926 14939 14947 14983 14990 15002 15003 15020 15025 15048 15063 15077 15080 15099 15107 15123 15124 15192 
	}
	history={
		owner = ENE
	}
	manpower=1
	state_category=wasteland 
	buildings_max_level_factor=1.000
	local_supplies=0.000
}
