
state={
	id=16
	name="STATE_16"
	resources={
		chromium=28.000
		oil=20.000
	}

	history={
		owner = GON
		buildings = {
			infrastructure = 4
			arms_factory = 1
			industrial_complex = 1
		}
		add_core_of = GON


	}

	provinces = {
		425 487 1047 1227 1597 1740 1903 2451 3009 3032 3249 3424 3449 3888 3897 4350 4758 4973 5107 5478 5876 5908 5915 6530 6930 7402 7504 7590 7875 8099 8246 8635 9139 9239 9250 9262 9338 9373 9409 9707 16151 16184 16198 16204 16208 16218 16229 16262 16279 16294 16309 16310 16316 16320 16336 16355 16356 16363 16369 16389 16395 16401 16415 16438 16456 16495 16509 16521 16541 16546 16565 16606 16622 16643 16659 16680 16688 16766 16776 16844 16885 
	}
	manpower=5000000
	buildings_max_level_factor=1.000
	state_category=town
	local_supplies=0.000
}
