
state={
	id=165
	name="STATE_165"

	history={
		owner = GON

	}

	provinces = {
		940 1167 1231 2251 2508 2641 3037 3272 3584 3661 3839 4438 4752 5317 5343 5664 5954 6275 6511 6765 7000 7010 7092 8274 8561 8612 8616 9449 10068 16574 16592 16600 16607 16623 16644 16660 16665 16671 16672 16693 16694 16699 16711 16712 16716 16721 16722 16723 16742 16747 16748 16749 16753 16757 16758 16767 16777 16785 16786 16792 16806 16812 16836 16837 16860 16881 16969 
	}
	manpower=1
	state_category=wasteland 
	buildings_max_level_factor=1.000
	local_supplies=0.000
}
