state={
	id=185
	name="STATE_185"
	provinces = {
		389 451 1424 1555 1711 2856 3469 3626 4023 4186 4269 5286 5297 5569 5745 6032 6205 6301 6319 6706 6832 7511 7716 8155 8477 8490 8493 8663 8863 9043 9347 9363 9539 9591 9616 9631 10003 17296 17337 17351 17383 17402 17410 17420 17435 17449 17485 17486 17493 17499 17500 17503 17512 17519 17526 17529 17540 17546 17551 17555 17559 17565 17570 17583 17584 17587 17591 17609 17613 17619 17639 17642 17643 17651 17652 17661 17663 17685 
	}
	history={
		owner = MOR
	}
	manpower=1
	state_category=wasteland 
	buildings_max_level_factor=1.000
	local_supplies=0.000
}
