state={
	id=187
	name="STATE_187"
	provinces = {
		376 856 955 1302 1421 1474 1512 1631 2395 2530 2744 2789 2805 2868 2921 2936 2966 3378 3482 3694 3781 3987 3996 4177 4472 4686 4832 4902 4921 5146 5348 5533 5606 5755 6101 6194 6357 6395 6554 6623 6739 7085 7167 7240 7256 7390 7436 7474 7491 7519 7527 7613 7829 7967 8076 8100 8184 8287 8295 8358 8411 8659 8773 9032 9348 9527 9652 9663 9731 9741 9854 16147 16166 16266 16276 16291 16296 16325 16347 16351 16358 16364 16375 16376 16385 16391 16406 16407 16426 16442 16453 16461 16487 16505 16517 16538 16549 16550 16588 16603 16615 16620 16626 16635 16641 16642 16645 16656 16679 16696 16698 16704 16709 16720 16745 16752 16763 16790 16795 16808 16832 16841 16856 16863 16895 16909 16921 16930 16938 16973 16978 17023 17024 17060 17090 
	}
	history={
		owner = MOR
		victory_points = { 1421 5 }
	}
	manpower=1
	state_category=wasteland 
	buildings_max_level_factor=1.000
	local_supplies=0.000
}
