state={
	id=191
	name="STATE_191"
	provinces = {
		315 661 1139 1614 2023 2779 3623 3760 3829 4116 4570 4905 5247 5768 6225 6244 6249 6446 6756 7177 7351 7418 7669 7760 7790 7885 8187 8539 8650 8790 8998 9216 9693 9777 9864 14019 14073 14093 14139 14193 14205 14246 14264 14269 14284 14312 14323 14341 14398 14406 14428 14432 14475 14501 14502 14512 14551 14571 14572 14618 14625 14656 14700 14766 14771 14799 14805 14810 14863 14911 
	}
	history={
		owner = MIR
	}
	manpower=1
	state_category=wasteland 
	buildings_max_level_factor=1.000
	local_supplies=0.000
}
