state={
	id=193
	name="STATE_193"
	provinces = {
		155 772 1138 1323 1572 2018 2372 2643 2650 2829 3067 3138 3184 4564 4834 5786 5929 6082 6143 6579 6937 7026 7077 7126 7286 7397 7865 8117 8315 8551 8746 8817 9030 9537 9596 9700 10073 10923 10936 10952 10956 10973 11033 11034 11045 11075 11076 11083 11116 11130 11134 11140 11146 11159 11173 11182 11183 11208 11209 11232 11259 
	}
	history={
		owner = ERE
	}
	manpower=1
	state_category=wasteland 
	buildings_max_level_factor=1.000
	local_supplies=0.000
}
