state={
	id=195
	name="STATE_195"
	provinces = {
		349 364 1532 1736 1906 2168 2189 2469 2525 2598 3000 3015 3132 3455 4105 4119 4419 4919 4925 5380 5785 6295 6791 6812 6896 7132 7738 7948 8897 9241 9251 9293 9595 9627 12544 12587 12602 12611 12623 12624 12648 12649 12664 12671 12683 12696 12708 12723 12750 12751 12761 12779 12790 12809 12837 12838 12874 12943 12944 12951 12957 12969 12993 13012 13025 13029 13047 13082 13111 13119 13153 13154 13183 13191 13233 13252 
	}
	history={
		owner = VAL
	}
	manpower=1
	state_category=wasteland 
	buildings_max_level_factor=1.000
	local_supplies=0.000
}
