
state={
	id=196
	name="STATE_196"
	provinces = {
		251 609 1598 1658 1678 1870 2001 2048 2226 2539 2710 3266 3396 3604 4784 6417 6641 6948 6961 7328 7763 7951 8234 8471 8575 8681 8734 8795 9113 9685 9952 9996 10056 11031 11062 11073 11108 11109 11122 11123 11139 11231 11254 11266 11271 11278 11283 11318 11321 11328 11329 11336 11359 11379 11382 11383 11469 11475 11508 11509 11541 11587 
	}
	history={
		owner = VAL
	}
	manpower=1
	state_category=wasteland 
	buildings_max_level_factor=1.000
	local_supplies=0.000
}
