state={
	id=198
	name="STATE_198"
	provinces = {
		1251 1584 1905 2017 2029 2129 3399 3435 3470 3737 4405 4590 4959 5071 6115 6592 6698 7457 7674 7682 7772 8232 8363 8544 8805 8837 8871 9191 9207 9626 12803 12881 12899 12961 13013 13031 13040 13071 13131 13225 13234 13291 13343 13361 13390 13399 13400 13448 13471 13531 13548 13565 13575 13640 13650 13714 13732 13781 13784 13785 13856 13872 13928 
	}
	history={
		owner = VAL
		victory_points = { 13565 8 }
		victory_points = { 13234 10 }
	}
	manpower=1
	state_category=wasteland 
	buildings_max_level_factor=1.000
	local_supplies=0.000
}
