state={
	id=199
	name="STATE_199"
	provinces = {
		49 463 877 1505 1576 1764 1950 3320 3530 3802 3964 4313 4424 5109 5393 5503 6080 6137 6489 7061 7569 7920 8268 8349 8396 8989 9215 9902 12153 12177 12211 12259 12267 12293 12317 12330 12356 12391 12398 12418 12441 12449 12456 12485 12490 12520 12521 12556 12557 12558 12571 12618 12625 12650 12665 12697 12717 12796 12839 12850 
	}
	history={
		owner = VAL
		victory_points = { 3530 5 }
	}
	manpower=1
	state_category=wasteland 
	buildings_max_level_factor=1.000
	local_supplies=0.000
}
