
state={
	id=20
	name="STATE_20"
	resources={
		steel=50.000
		chromium=60.000
	}

	history={
		owner = GON
		buildings = {
			infrastructure = 2
			arms_factory = 2
			industrial_complex = 1

		}
		add_core_of = GON

	}

	provinces = {
		614 843 849 939 1182 1282 1817 1872 1960 2081 2083 2211 2273 2488 3240 3252 3880 4148 4220 4254 4385 4398 4802 4806 4867 4966 5029 5593 5617 6007 6603 6704 6740 7024 7051 7288 7551 7586 7630 7911 8144 8342 8538 8858 9428 9553 9656 15787 15808 15820 15827 15828 15837 15842 15874 15879 15883 15909 15935 15944 15945 15953 15959 15960 15995 15996 15999 16004 16015 16018 16046 16065 16096 16105 16112 16142 16150 16178 16191 
	}
	manpower=5000000
	buildings_max_level_factor=1.000
	state_category=town
	local_supplies=0.000
}
