state={
	id=203
	name="STATE_203"
	provinces = {
		516 676 720 910 917 921 1462 1626 2325 2343 2616 2687 2840 2968 3120 3288 3420 3444 3552 3712 3944 4060 4101 4133 4412 4589 5063 5117 5156 5484 5678 5695 5843 5883 6106 6209 6385 6541 6638 6852 6923 7210 7309 7423 7653 7680 7745 8405 8450 8576 8680 9500 9650 9765 14811 14823 14905 14954 15128 15200 15237 15264 15275 15313 15376 15438 15463 15481 15482 15545 15564 15565 15587 15621 15641 15642 15652 15675 15723 
	}
	history={
		owner = DAG
	}
	manpower=1
	state_category=wasteland 
	buildings_max_level_factor=1.000
	local_supplies=0.000
}
