state={
	id=207
	name="STATE_207"
	provinces = {
		101 109 571 680 761 773 994 1194 1354 1416 1466 1589 1603 1696 1757 1772 1776 2024 2317 2333 2342 2462 2465 2473 2518 2547 2670 2863 2962 2979 3111 3190 3191 3218 3381 3410 3454 3597 3652 3708 3716 3913 4064 4164 4197 4230 4239 4310 4333 4368 4397 4569 4723 4810 4844 4965 4976 5130 5303 5341 5353 5540 5655 5936 6029 6033 6371 6590 6679 6766 6826 6828 7078 7166 7251 7273 7371 7651 7689 7696 7756 7858 7873 7915 7952 8079 8111 8309 8360 8474 8492 8573 8703 8723 8728 8739 8744 8768 8784 8875 9011 9152 9418 9458 9552 9657 9676 9712 9751 9792 9974 10005 11524 11592 11593 11642 11656 11665 11672 11693 11701 11702 11725 11732 11733 11741 11752 11769 11770 11787 11797 11804 11819 11820 11838 11861 11870 11882 11936 11969 11977 11978 11995 11996 12005 12018 12019 12043 12044 12057 12058 12075 12103 12109 12110 12123 12137 12141 12157 12176 12192 12214 12224 12236 12237 12239 12240 12284 12297 12334 12359 12368 12369 12370 12378 12379 12410 12421 12429 12458 12459 12468 12495 12524 12531 12542 12547 12559 12577 12598 12609 12628 12637 12657 12674 12688 12689 12772 12823 12824 12854 12869 12909 12916 12921 12946 12978 12979 13014 13041 13093 13135 13145 13155 13165 13193 13254 
	}
	history={
		owner = RHU
	}
	manpower=1
	state_category=wasteland 
	buildings_max_level_factor=1.000
	local_supplies=0.000
}
