state={
	id=208
	name="STATE_208"
	provinces = {
		659 1010 2210 2507 2759 2783 3419 3565 4750 4830 5115 5281 6742 6798 7063 7452 7516 7635 8105 8269 8332 8406 8827 8905 9391 14186 14238 14247 14265 14285 14299 14324 14355 14356 14357 14374 14387 14400 14401 14408 14430 14456 14478 14487 14493 14504 14513 14545 14569 14573 14608 14620 14627 14638 14663 14688 14695 14711 14741 14767 14772 14781 14824 14828 14839 14840 14852 14872 14882 14898 14935 14945 14978 
	}
	history={
		owner = RHU
		victory_points = { 7516 8 }
		victory_points = { 14741 1 }
		victory_points = { 14545 12 }
	}
	manpower=1
	state_category=wasteland
	buildings_max_level_factor=1.000
	local_supplies=0.000
}
