state={
	id=209
	name="STATE_209"
	provinces = {
		39 629 674 684 1271 1387 1680 1691 1812 2150 2256 2277 2429 2450 3107 3329 3446 3695 3745 3748 3836 4112 4242 4422 4448 4488 4527 4689 4708 4845 5234 5278 5308 5575 5859 5942 6367 6470 6483 6495 6664 6738 6782 6892 7141 7149 7175 7317 7350 7433 7469 7524 7538 7780 7963 7992 8114 8421 8554 8672 8786 8980 9040 9118 9237 9257 9615 9802 9886 10035 10059 12386 12448 12460 12488 12525 12526 12567 12568 12638 12651 12658 12666 12668 12719 12727 12728 12729 12738 12739 12758 12764 12781 12782 12786 12792 12793 12813 12825 12843 12855 12860 12877 12903 12959 12971 13004 13005 13006 13042 13055 13056 13073 13083 13122 13123 13136 13156 13157 13166 13203 13204 13218 13227 13284 13326 13355 13421 13451 
	}
	history={
		owner = RHU
		victory_points = { 6664 2 }
	}
	manpower=1
	state_category=wasteland
	buildings_max_level_factor=1.000
	local_supplies=0.000
}
