state={
	id=216
	name="STATE_216"
	provinces={
		119 185 507 823 929 964 990 1412 1478 1533 1639 1665 1907 2029 2069 2130 2157 2264 2422 2507 2543 2928 2939 3097 3283 3310 3406 3463 3555 3630 3725 3765 3809 4132 4509 4523 4583 4644 4860 4938 5225 5347 5356 5377 5409 7461 7475 7476 7492 7494 7500 7504 7508 7510 7513 7521 7526 7530 7531 7532 7537 7539 7540 7545 7548 7549 7552 7557 7559 7571 7573 7576 7577 7586 7587 7600 7606
	}
	history={
		owner = HAR
		buildings = {
			infrastructure = 2

		}
		add_core_of = HAR

	}
	manpower=1
	buildings_max_level_factor=1.000
	state_category=wasteland
	local_supplies=0.000
}
