state={
	id=215
	name="STATE_215"
	provinces={
		589 772 881 947 1001 1025 1106 1204 1462 1619 1722 2026 2037 2125 2627 2647 2687 2747 3020 3030 3127 3134 3205 3326 3369 3381 3561 3562 4016 4115 4611 4647 4870 4956 5187 5220 5260 5379 5511 7505 7516 7520 7527 7533 7535 7541 7542 7547 7551 7558 7565 7570 7572 7582 7595 7598 7608 7609 7618
	}
	history={
		owner = HAR
		buildings = {
			infrastructure = 3
			industrial_complex = 1

		}
		add_core_of = HAR

	}
	manpower=750000
	buildings_max_level_factor=1.000
	state_category=city
	local_supplies=0.000
}
