
state={
	id=32
	name="STATE_32"

	history={
		owner = ENE
		buildings = {
			infrastructure = 1
			arms_factory = 1
			industrial_complex = 1

		}

		victory_points = { 5667 4 }
	}

	provinces = {
		213 408 530 639 1636 2489 2680 2701 3506 4432 5186 5472 5659 5667 5783 6263 6386 6536 7432 7478 7960 7962 8053 8797 8917 9317 9319 9322 9413 9529 14026 14042 14043 14048 14049 14098 14177 14180 14254 14281 14295 14320 14364 14365 14416 14452 14459 14485 14516 14530 14542 14556 14565 14566 14593 14602 14610 14632 14655 14678 14679 14685 14697 14731 14750 14757 14769 14809 14812 14821 14861 14869 14886 14927 14943 14987 15004 15030 15034 15049 15064 15093 15154 15170 
	}
	manpower=350000
	buildings_max_level_factor=1.000
	state_category=rural
	local_supplies=0.000
}
