
state={
	id=34
	name="STATE_34"
	resources={
		chromium=8.000
	}

	history={
		owner = CAR
		buildings = {
			dockyard = 1
			infrastructure = 2
			industrial_complex = 1
		}
		add_core_of = CAR

	}

	provinces = {
		713 875 1482 1939 2316 2565 2566 2693 3006 3305 3319 3439 3611 3653 3720 4181 4787 4907 5139 5715 5844 6188 6644 7447 7611 7654 7668 7842 8148 8326 8373 8394 8481 8488 8719 9053 9102 9429 9498 9985 10064 14797 14808 14849 14859 14860 14917 14919 14938 14942 14946 14982 14995 14998 15046 15053 15062 15075 15076 15104 15105 15114 15122 15131 15159 15168 15173 15177 15187 15220 15223 15232 15241 15280 15281 15282 15297 15300 15348 15369 15401 15439 15465
	}
	manpower=2000000
	buildings_max_level_factor=1.000
	state_category=rural
	local_supplies=0.000
}
