
state={
	id=35
	name="STATE_35"

	history={
		owner = CAR
		buildings = {
			infrastructure = 4
			industrial_complex = 1

			1115 = { naval_base = 5 }

		}
		add_core_of = CAR




		victory_points = { 4110 5 }
		victory_points = { 1115 3 }
		victory_points = { 7713 1 }
	}

	provinces = {
		375 701 778 832 1014 1115 1305 1335 2057 2060 2125 2171 2212 2365 2767 2781 3104 3211 3214 3547 3815 3825 4042 4110 4127 4499 4609 4924 5031 5257 5261 5338 5489 5613 5616 5626 5691 5694 5811 5828 5983 6014 6207 6524 6597 6745 6754 6813 6940 7134 7218 7223 7387 7409 7660 7713 7924 7939 7995 8002 8127 8178 8515 8550 8876 9063 9336 9430 9567 9651 9702 9936 10085 13861 13926 13933 13955 13993 14041 14060 14061 14091 14097 14128 14190 14191 14192 14198 14199 14210 14217 14218 14262 14263 14267 14288 14292 14302 14310 14333 14350 14351 14362 14381 14394 14395 14396 14403 14404 14413 14424 14458 14466 14472 14481 14482 14491 14509 14528 14529 14536 14555 14564 14579 14584 14624 14646 14647 14648 14657 14684 14717 14723 14724 14728 14729 14776 14777 14784 14818 14834 14866 14877 14918 
	}
	manpower=2000000
	buildings_max_level_factor=1.000
	state_category=rural
	local_supplies=0.000
}
