
state={
	id=39
	name="STATE_39"
	resources={
		rubber=23.000
		oil=7.000
	}

	history={
		owner = ART
		buildings = {
			infrastructure = 2
			industrial_complex = 2

		}
		add_core_of = ART

	}

	provinces={
		358 771 793 1216 1220 2073 2270 2370 2467 2675 2960 3072 3115 3553 3728 3827 3907 4158 4163 4437 4536 4719 5315 5360 5544 5858 6074 6242 6352 6462 6900 7431 7544 7560 7742 7977 8347 9609 9780 10065 12788 12799 12846 12858 12864 12913 12973 12974 12982 12990 13023 13046 13066 13077 13087 13128 13149 13171 13180 13197 13198 13230 13257 13287 13301 13357 13368 13416 13490 
	}
	manpower=2000000
	buildings_max_level_factor=1.000
	state_category=town
	local_supplies=0.000
}
