
state={
	id=41
	name="STATE_41"
	resources={
		tungsten=9.000
		steel=25.000
	}

	history={
		owner = ART
		buildings = {
			infrastructure = 1

		}
		add_core_of = ART



		victory_points = { 10045 5 }
	}

	provinces = {
		666 900 922 1100 1123 1366 1687 1760 1843 1970 2142 2209 2221 2235 2275 2498 2500 2942 3129 3275 3460 3638 3774 3990 4013 4222 4253 4380 4403 4416 4566 4833 5129 5684 5795 5861 5968 6021 6030 6234 6336 6509 6705 6918 6936 6975 7220 7250 7320 7444 7715 8026 8101 8344 8509 8555 8794 9185 9648 9836 10022 10045 10911 10941 10955 10965 10971 10988 10991 10992 11013 11019 11071 11082 11087 11138 11144 11162 11175 11176 11180 11201 11206 11224 11269 11282 11290 11295 11308 11317 11327 11334 11358 11369 11372 11389 11395 11409 11424 11425 11481 11505 11518 11532 11540 11551 11571 11583 11630 11645 11661 11686 11758 11781 11782 11832 
	}
	manpower=250000
	buildings_max_level_factor=1.000
	state_category=pastoral
	local_supplies=0.000
}
