
state={
	id=53
	name="STATE_53"
	resources={
		steel=20.000
	}

	history={
		owner = LIN
		buildings = {
			infrastructure = 1
			arms_factory = 1
			industrial_complex = 1

		}


	}

	provinces = {
		280 556 722 1612 2123 2186 2447 3030 3160 3374 3394 3523 3864 4168 4351 4420 4560 4677 4856 5464 5592 5625 5668 5943 6024 6048 6979 7055 7334 7385 7489 7910 8606 8670 8745 9048 9078 9699 9900 10042 11400 11423 11430 11436 11451 11488 11549 11557 11580 11581 11596 11652 11657 11703 11714 11722 11754 11763 11831 11873 11878 11901 11926 11938 11959 11962 12021 12063 12077 12082 12087 12151 12162 12220 12256 12275 12346 
	}
	manpower=1000000
	buildings_max_level_factor=1.000
	state_category=rural
	local_supplies=0.000
}
