
state={
	id=57
	name="STATE_57"

	history={
		owner = ANG
		buildings = {
			10440 = { naval_base = 1 }
			4268 = { naval_base = 3 }
			7490 = { naval_base = 1 }
			9002 = { naval_base = 1 }
			9002 = { bunker = 3 }
		}
	}

	provinces = {
		561 1016 1437 1453 1520 1554 1938 2066 2082 2554 2609 2624 3188 3206 3244 3456 3551 3663 3682 4268 4563 4898 5721 5731 6432 6626 6792 7006 7127 7333 7364 7378 7490 7558 8389 8489 8944 9002 9203 9288 9521 9669 10398 10440 10469 10503 10508 10509 10510 10520 10526 10527 10542 10547 10555 10556 10569 10573 10577 10587 10588 10591 10595 10606 10618 10619 10624 10630 10645 10654 10670 10671 10679 10705 10710 10711 10715 10716 10730 10748 10759 10764 10767 10778 10797 10798 10810 10814 10815 10820 10826 10830 10838 10849 10856 10857 10870 10887 18658 18659 18660 
	}
	manpower=10000
	buildings_max_level_factor=1.000
	state_category=town
	local_supplies=0.000
}
