
state={
	id=59
	name="STATE_59"

	history={
		owner = ANG
		buildings = {
			infrastructure = 5
			industrial_complex = 3

		}

	}

	provinces = {
		688 892 1694 2143 2637 2786 2872 3327 3467 3511 3573 4014 4130 4492 4511 4854 5091 5351 5355 5410 5877 6027 6341 6612 6978 7094 7354 7645 7869 7943 7946 8494 8621 9259 9313 9476 9762 9764 9840 9851 10021 10631 10649 10652 10712 10731 10741 10742 10749 10768 10779 10791 10834 10850 10858 10933 10946 10977 11020 11041 11088 11106 11121 11128 11145 11202 11242 11252 11270 
	}
	manpower=5000000
	buildings_max_level_factor=1.000
	state_category=city
	local_supplies=0.000
}
