
state={
	id=62
	name="STATE_62"

	history={
		owner = RHD
		buildings = {
			infrastructure = 1
			industrial_complex = 1

		}
		add_core_of = RHD


	}

	provinces = {
		196 649 964 1668 1987 2383 3151 3226 3561 3861 4308 4399 4496 4760 4803 4879 4993 5043 5264 5796 5797 6373 6543 6842 6987 7093 7102 7112 7118 7851 8486 9105 9193 9388 9506 9752 11344 11349 11390 11396 11402 11403 11437 11438 11453 11460 11473 11506 11519 11552 11572 11584 11585 11601 11624 11667 11678 11698 11717 11749 11759 11833 11879 11891 11897 11947 11953 11993 12010 12041 12073 
	}
	manpower=1000000
	buildings_max_level_factor=1.000
	state_category=rural
	local_supplies=0.000
}
