
state={
	id=7
	name="STATE_7"
	resources={
		steel=50.000
	}

	history={
		owner = MOR
		buildings = {
			infrastructure = 2
			air_base = 0
			arms_factory = 2
			industrial_complex = 4

		}
		add_core_of = MOR

	}

	provinces = {
		592 687 764 931 949 1074 1783 1935 1962 2074 2187 2590 2723 3085 3126 3549 3698 3854 4259 4714 4981 5405 5439 5456 5550 5669 6177 6315 6413 6799 7572 7637 8044 8306 8383 8655 8753 9121 9515 9622 9875 9888 17037 17044 17056 17057 17058 17069 17101 17104 17108 17109 17113 17131 17139 17142 17144 17152 17157 17176 17192 17211 17212 17213 17219 17225 17226 17229 17242 17244 17245 17255 17256 17292 17320 17330 17358 17359 17366 17367 17398 17399 17407 17408 17409 17444 17445 17482 
	}
	manpower=3000000
	buildings_max_level_factor=1.000
	state_category=city
	local_supplies=0.000
}
