
state={
	id=72
	name="STATE_72"
	resources={
		oil=2.000
	}

	history={
		owner = VAL
		buildings = {
			infrastructure = 3
			industrial_complex = 4

		}
		add_core_of = VAL


	}

	provinces = {
		6 697 987 1500 1519 3640 3648 3758 3803 4531 4673 4724 4983 5081 5168 5240 5434 5534 5580 5692 6000 6129 6996 7144 7314 7523 7673 7811 7855 8078 8355 8388 8732 8835 8910 8972 9353 9603 9617 9798 10061 12744 12762 12802 12810 12820 12880 12907 12945 12952 13021 13030 13070 13104 13162 13201 13213 13214 13245 13310 13352 13372 13407 13428 13438 13515 13530 13547 13599 13608 13690 13799 13855 13917 
	}
	manpower=1000000
	buildings_max_level_factor=1.000
	state_category=city
	local_supplies=0.000
}
