
state={
	id=757
	name="STATE_757"
	resources={
		chromium=28.000
		oil=20.000
	}

	history={
		owner = GON
		buildings = {
			infrastructure = 4
			arms_factory = 1
			industrial_complex = 1
			dockyard = 2
			4128 = {
				naval_base = 5

			}
			1396 = {
				naval_base = 5

			}
			3538 = {
				naval_base = 5

			}

		}
		add_core_of = GON
		victory_points = {
			3538 15 
		}

	}

	provinces={
		245 349 535 588 852 878 910 1079 1095 1132 1142 1230 1396 1416 1482 1614 1692 1786 1830 1837 1838 1925 2073 2095 2153 2164 2282 2301 2348 2399 2411 2420 2432 2488 2685 2716 2752 2786 2838 2897 2913 3033 3055 3080 3224 3234 3270 3278 3351 3369 3411 3442 3467 3469 3538 3866 4128 4171 4192 4225 4312 4387 4448 4489 4525 4609 4631 4656 4831 4887 4915 4969 4995 5014 5016 5022 5084 5150 5183 5199 5244 5338 5363 5423 5504 5574 5616 5704 5743 7397 7399 7412 7424 7434 7448 7457 7461 7467 7479 7481 7486 7488 7493 7496 7497 7503 7504 7505 7506 7515 7529 7539 7543 7547 7557 7569 7578 7585 7599 7603 7607 7608 7622 7624 7627 7638 7644 7663 7708 
	}
	manpower=5000000
	buildings_max_level_factor=1.000
	state_category=town
	local_supplies=0.000
}
