
state={
	id=77
	name="STATE_77"
	resources={
		oil=6.000
		rubber=4.000
	}

	history={
		owner = ENE
		buildings = {
			infrastructure = 2
			arms_factory = 2
			industrial_complex = 4
		}
		add_core_of = ENE


		victory_points = { 7394 5 }
	}

	provinces = {
		264 760 1177 1343 1477 1929 2136 2161 2163 2421 2493 3223 3853 3886 4096 4502 4813 5077 5093 5314 5330 5632 6117 6160 6230 6439 6639 6736 6869 7394 7419 7429 8007 8069 8215 8504 8578 8830 8913 9010 9012 9093 9236 9242 9371 9536 9645 9750 9834 9968 9971 10077 15226 15234 15257 15267 15273 15301 15324 15363 15373 15381 15390 15430 15466 15479 15517 15518 15524 15533 15540 15546 15547 15555 15560 15572 15576 15581 15586 15593 15607 15615 15655 15661 15662 15666 15679 15685 15701 15744 15759 15774 15804 15814 
	}
	manpower=900000
	buildings_max_level_factor=1.000
	state_category=large_city
	local_supplies=0.000
}
