
state={
	id=79
	name="STATE_79"

	history={
		owner = ENE
		buildings = {
			infrastructure = 1
			arms_factory = 1
			industrial_complex = 3

		}
		add_core_of = ENE

	}

	provinces = {
		246 256 285 405 893 2344 2957 2999 3192 3450 3508 3522 3916 4838 5302 5780 6013 6081 6312 6370 6517 6670 6879 6950 7284 8425 8431 8726 8943 9183 9422 14062 14082 14110 14116 14123 14151 14152 14168 14169 14176 14179 14211 14219 14243 14244 14253 14280 14294 14318 14319 14334 14335 14363 14383 14397 14415 14425 14426 14451 14492 14499 14541 14570 14631 14654 14677 14709 14730 14778 
	}
	manpower=850000
	buildings_max_level_factor=1.000
	state_category=large_town
	local_supplies=0.000
}
