
state={
	id=8
	name="STATE_8"
	resources={
		steel=50.000
	}

	history={
		owner = MOR
		buildings = {
			infrastructure = 3
			air_base = 0
			arms_factory = 3
			industrial_complex = 3

		}
		add_core_of = MOR

	}

	provinces = {
		45 845 1311 1833 2298 2330 2332 2392 2595 2775 3311 3515 3519 3577 3625 3689 3963 4390 4433 4748 4862 4872 5002 5246 5272 5298 5319 5325 5445 6065 6397 6558 6611 7103 7172 7235 7274 7773 7800 8057 8143 8204 8426 8560 8803 8984 9158 9377 9579 9730 9903 9915 16532 16556 16557 16587 16613 16614 16625 16634 16684 16690 16691 16695 16708 16732 16738 16739 16744 16793 16794 16807 16839 16846 16855 16862 16887 16899 16914 16934 16943 16948 16972 16993 16994 17003 17022 17029 17035 17038 17045 17059 17064 17082 17088 17110 17140 17153 17179 17193 17206 17214 17220 17250 17265 
	}
	manpower=10000000
	buildings_max_level_factor=1.000
	state_category=city
	local_supplies=0.000
}
