
state={
	id=82
	name="STATE_82"
	resources={
		tungsten=78.000
		steel=2.000
	}

	history={
		owner = MIR
		buildings = {
			infrastructure = 1
			industrial_complex = 1

		}
		add_core_of = MIR

	}

	provinces={
		1046 1706 1824 1930 2191 2329 2345 2666 2838 2958 3112 3146 3289 3576 3786 3852 4051 4077 4141 4459 4622 4969 4979 5145 5193 5938 6255 6523 6803 6914 7042 7582 7584 8592 8718 8821 8887 8899 9067 9169 9619 9830 10036 11321 11362 11419 11444 11445 11482 11501 11521 11542 11546 11565 11625 11649 11659 11691 11699 11740 11827 11834 11876 11912 11935 11949 12004 12033 12056 12066 12074 12168 12180 12190 12228 12229 12244 12306 12331 
	}
	manpower=2000000
	buildings_max_level_factor=1.000
	state_category=rural
	local_supplies=0.000
}
