
state={
	id=845
	name="STATE_845"
	resources={
		oil=4.000
	}

	history={
		owner = RHU
		buildings = {
			infrastructure = 2
			air_base = 1
			industrial_complex = 3

		}
		add_core_of = RHU
		victory_points = {
			4058 10 
		}
		victory_points = {
			2899 5 
		}
		victory_points = {
			1345 2 
		}
		victory_points = {
			5187 2 
		}
		victory_points = {
			2307 1 
		}

	}

	provinces={
		2 15 135 171 201 216 270 417 435 480 596 656 717 835 884 888 909 926 977 980 1028 1118 1131 1160 1206 1249 1345 1358 1421 1423 1486 1533 1541 1553 1565 1599 1640 1662 1677 1680 1700 1770 1825 1833 1862 1972 2021 2069 2085 2173 2182 2198 2307 2378 2674 2688 2779 2812 2814 2899 3000 3088 3211 3321 3417 3445 3535 3715 3723 3792 3833 3892 3942 3955 3982 3984 4047 4058 4064 4071 4090 4104 4118 4124 4151 4398 4403 4413 4423 4447 4451 4613 4641 4710 4753 4765 4830 4873 4877 4907 4935 5044 5063 5098 5120 5131 5133 5171 5187 5190 5197 5272 5337 5408 5431 5509 5528 5570 5577 5615 5637 5761 5772 6898 6925 6927 6952 6953 6958 6994 6999 7003 7007 7010 7015 7023 7025 7031 7032 7034 7047 7048 7054 7055 7072 7074 7079 7082 7106 7110 7112 7119 7123 7124 7125 7127 7152 7166 7167 7174 7176 7178 7193 7201 7208 7213 7218 7221 7231 7240 7255 7285 7288 7294 7301 
	}
	manpower=3000000
	buildings_max_level_factor=1.000
	state_category=town
	local_supplies=0.000
}
