
state={
	id=85
	name="STATE_85"
	resources={
		tungsten=9.000
		chromium=48.000
	}

	history={
		owner = MIR
		buildings = {
			infrastructure = 3
			arms_factory = 1
			industrial_complex = 2

		}
		add_core_of = MIR


		victory_points = { 12678 5 }
	}

	provinces = {
		79 237 550 1112 1150 1152 1226 1849 2897 3101 3141 3215 3247 3677 3764 3938 3958 4068 4316 4601 4610 4683 4753 4950 5028 5055 5058 5204 5231 5680 5713 5760 5897 5988 6185 6238 6377 6379 6402 6411 6477 6586 6719 6884 7313 7407 7494 7804 7840 7909 8137 8154 8182 8495 8499 8581 8637 8683 9029 9092 9925 9928 10034 12260 12318 12332 12357 12375 12376 12402 12403 12408 12409 12419 12442 12443 12444 12450 12451 12457 12479 12486 12491 12499 12529 12536 12537 12540 12541 12563 12564 12565 12575 12595 12596 12603 12604 12615 12619 12620 12621 12626 12634 12672 12677 12678 12684 12685 12702 12724 12735 12736 12757 12763 12804 12821 12840 12861 12866 12867 12875 12882 12900 12918 12930 12931 12932 12962 12984 12994 13032 13048 13060 13089 13112 13113 13141 13142 13163 13174 
	}
	manpower=3000000
	buildings_max_level_factor=1.000
	state_category=town
	local_supplies=0.000
}
