
state={
	id=851
	name="STATE_851"
	resources={
		steel=8.000
	}

	history={
		owner = HAR
		buildings = {
			infrastructure = 3

		}
		add_core_of = HAR

	}

	provinces={
		42 212 282 347 531 883 1053 1231 1279 1281 1304 1320 1452 1531 1705 1726 1841 1965 2150 2395 2613 2655 2681 2756 2862 2937 3006 3017 3082 3092 3114 3232 3438 3451 3521 3832 3873 4086 4127 4198 4251 4295 4303 4563 4748 4903 4911 5011 5206 5326 5634 5676 5725 7820 7845 7864 7894 7900 7910 7925 7927 7987 
	}
	manpower=2000000
	buildings_max_level_factor=1.000
	state_category=rural
	local_supplies=0.000
}
