state={
	id=856
	name="STATE_856"
	provinces={
		1244 1248 1285 1296 1300 1302 1324 1328 1353 1357 1362 1374 1390 1400 1427 1464 1507 1520 1535 1548 1563 1577 1592 1605 1620 4251 4255 4260 4275 4302 4330 4334 4363 4379 4392 4397 4405 4433 4511 4539 4554 4582 4596 4639 5236 7225 7229 7271 7280 7292 7319 7338 7353 7356 7367 7380 7408 7426 7492 7516 7531 7544 7572 7587 7601 7645 8045 9988 10016 10134 10137 10162 10177 10180 10195 10204 10221 10238 10250 10293 10309 10326 10330 10356 10384 10398 10411 10425 10438 10453 10456 10467 10496 10984 10985 10988 11515 11564 11867 11870 12109 12122 12150 12167 12173 12191 12195 12210 12220 12224 12264 12297 12332 12345 12360 12368 12371 12372 12373 12388 12402 12417 12421 12431 12447 12460 12475 12893 12894 12924 
	}
	history={
		owner = HAR
		buildings = {
			infrastructure = 4
			air_base = 1
			arms_factory = 2
			industrial_complex = 1
		}
		add_core_of = HAR
		victory_points = { 11515 25 }
		victory_points = { 1084 5 }
	}
	manpower=5000000
	resources={
		steel=15
	}
	state_category = city
	buildings_max_level_factor=1.000
}
