state={
	id=861
	name="STATE_861"
	provinces={
		1018 1023 1047 1073 1087 1120 1131 1157 1162 1185 1187 1202 1469 1597 4023 4028 4050 4075 4077 4085 4092 4119 4121 4125 4134 4152 4160 4177 4189 4207 4339 4480 4532 4628 4656 7015 7039 7044 7067 7093 7095 7108 7128 7135 7137 7152 7168 7192 7210 7521 7549 7650 9948 9961 9963 9970 9978 9997 10004 10039 10050 10062 10080 10103 10105 10121 10129 10404 10431 10459 10616 10945 10983 10989 11417 11507 11508 11517 11518 11863 11866 11871 11909 11918 11926 11936 11938 11941 11981 11983 12014 12023 12048 12053 12065 12075 12077 12095 12365 12374 12378 12407 12436 12888 
	}
	history={
		owner = MOR
		buildings = {
			infrastructure = 1

		}
		add_core_of = MOR

	}
	manpower=100
	state_category = rural
	buildings_max_level_factor=1.000
}
