state={
	id=863
	name="STATE_863"
	provinces={
		996 1001 1006 1036 1053 1055 1066 1078 1083 1089 1094 1096 1099 1110 1121 1125 1138 1146 1153 1161 1166 1168 1171 1193 1195 1448 1628 1640 3992 4001 4005 4013 4038 4042 4053 4066 4070 4079 4081 4083 4091 4099 4105 4113 4148 4156 4158 4165 4169 4173 4183 4185 4196 4203 4619 4631 7004 7007 7014 7027 7035 7054 7058 7071 7086 7094 7097 7099 7104 7120 7126 7131 7141 7146 7159 7167 7172 7174 7181 7182 7191 7199 7222 7502 7540 7568 7637 7653 9937 9938 9942 9944 9953 9959 9972 9974 9982 9984 9995 9999 10008 10010 10012 10014 10017 10034 10040 10042 10044 10054 10057 10058 10064 10069 10076 10079 10084 10086 10093 10095 10098 10101 10112 10114 10364 10377 10434 10446 10462 10501 10948 11427 11913 11916 11920 11928 11937 11945 11947 11961 11973 11982 11986 11988 11991 11994 12019 12030 12036 12052 12057 12059 12061 12076 12084 12308 12350 12426 12467 12483 12495 12838 13141 13142 13143 13144 
	}
	history={
		owner = MOR
		buildings = {
		infrastructure = 1

		}
		add_core_of = MOR
	}
	
	manpower=100
	state_category = wasteland
	buildings_max_level_factor=1.000
}
