
state={
	id=874
	name="STATE_874"

	history={
		owner = NEP
		buildings = {

		}
		add_core_of = NEP

	}

	provinces={
		96 105 198 1664 1684 1722 1745 1819 2703 2877 2900 2923 2972 3147 3169 3184 3336 3415 4006 4229 4455 4669 4692 4733 4761 4859 5918 6040 6085 6211 6538 7689 8461 9121 9125 9142 9205 9224 9230 10207 10536 10564 10723 11047 11098 11119 11122 11182 11261 11328 11827 12502 12530 12545 12549 12592 12634 13060 13061 13062 13064 13065 13076 
	}
	manpower=1
	state_category = wasteland
	buildings_max_level_factor=1.000
}
