state={
	id=876
	name="STATE_876"
	provinces={
	1
	4
	5
	10
	11
	13
	14
	15
	16
	17
	19
	20
	21
	22
	24
	25
	27
	29
	30
	32
	33
	34
	35
	38
	43
	44
	46
	47
	49
	50
	51
	53
	54
	55
	56
	58
	59
	61
	63
	64
	65
	66
	68
	69
	74
	76
	77
	86
	91
	98
	100
	101
	102
	103
	107
	109
	111
	113
	114
	115
	116
	118
	120
	122
	124
	125
	128
	130
	131
	133
	142
	144
	145
	147
	148
	151
	153
	156
	158
	159
	161
	162
	167
	168
	169
	171
	173
	176
	177
	178
	179
	182
	184
	188
	190
	191
	192
	195
	197
	199
	200
	201
	202
	205
	210
	211
	213
	215
	216
	217
	218
	219
	220
	221
	223
	224
	225
	229
	230
	234
	235
	236
	239
	240
	241
	242
	243
	244
	245
	247
	249
	250
	251
	253
	254
	255
	258
	259
	262
	263
	264
	266
	267
	268
	271
	276
	277
	279
	284
	285
	289
	293
	294
	295
	296
	299
	303
	304
	309
	311
	317
	318
	321
	322
	329
	331
	332
	336
	337
	342
	351
	363
	369
	373
	374
	375
	377
	379
	383
	385
	386
	388
	391
	399
	402
	405
	406
	407
	411
	412
	416
	417
	419
	420
	421
	422
	423
	424
	425
	427
	428
	430
	431
	435
	436
	439
	440
	442
	443
	444
	445
	446
	447
	448
	450
	451
	454
	455
	456
	459
	460
	461
	466
	469
	479
	480
	482
	485
	490
	491
	492
	493
	494
	495
	503
	505
	506
	507
	512
	513
	514
	515
	516
	519
	521
	524
	526
	527
	528
	529
	532
	535
	536
	537
	538
	539
	540
	541
	542
	543
	549
	551
	552
	553
	555
	557
	560
	561
	562
	563
	564
	569
	571
	573
	575
	577
	581
	583
	584
	586
	589
	590
	591
	593
	594
	595
	596
	597
	598
	599
	600
	601
	602
	603
	604
	605
	606
	607
	608
	609
	610
	611
	612
	613
	614
	616
	617
	619
	621
	622
	624
	625
	626
	628
	629
	630
	631
	632
	633
	634
	635
	636
	637
	638
	639
	640
	641
	643
	644
	646
	647
	648
	649
	651
	653
	655
	656
	658
	659
	660
	661
	662
	663
	665
	667
	668
	669
	671
	673
	676
	678
	679
	680
	682
	684
	686
	687
	688
	689
	690
	691
	692
	693
	694
	695
	696
	697
	699
	701
	702
	703
	704
	706
	707
	708
	709
	710
	711
	713
	715
	716
	718
	720
	722
	723
	724
	726
	727
	729
	730
	732
	734
	736
	738
	740
	743
	744
	747
	749
	751
	755
	760
	761
	762
	763
	764
	766
	768
	769
	770
	771
	773
	776
	777
	778
	779
	780
	781
	782
	784
	785
	786
	787
	788
	790
	791
	792
	793
	794
	797
	798
	799
	801
	802
	803
	804
	805
	806
	807
	808
	809
	812
	813
	815
	816
	817
	819
	820
	821
	822
	823
	824
	825
	826
	827
	830
	831
	832
	833
	834
	835
	838
	839
	840
	841
	842
	843
	844
	845
	847
	851
	853
	854
	855
	856
	857
	858
	859
	860
	862
	863
	865
	866
	867
	868
	869
	870
	871
	872
	873
	874
	875
	876
	877
	879
	880
	882
	884
	885
	886
	889
	890
	891
	894
	896
	897
	899
	901
	902
	903
	904
	905
	907
	908
	909
	910
	911
	913
	914
	915
	917
	918
	920
	921
	923
	924
	925
	928
	929
	931
	932
	933
	935
	936
	937
	938
	939
	940
	941
	942
	943
	947
	948
	949
	950
	951
	953
	954
	955
	956
	958
	960
	961
	962
	963
	965
	966
	967
	968
	969
	970
	971
	974
	975
	976
	977
	979
	980
	981
	982
	983
	984
	985
	986
	988
	989
	991
	993
	994
	995
	998
	999
	1002
	1005
	1007
	1008
	1009
	1011
	1012
	1013
	1015
	1016
	1017
	1019
	1020
	1021
	1022
	1024
	1026
	1028
	1030
	1031
	1032
	1033
	1035
	1037
	1038
	1039
	1040
	1042
	1043
	1045
	1046
	1048
	1049
	1050
	1051
	1056
	1057
	1058
	1063
	1064
	1065
	1067
	1068
	1070
	1074
	1077
	1079
	1080
	1085
	1086
	1088
	1090
	1091
	1093
	1095
	1098
	1106
	1108
	1109
	1111
	1112
	1113
	1115
	1117
	1119
	1122
	1123
	1126
	1128
	1132
	1133
	1136
	1140
	1141
	1145
	1151
	1152
	1155
	1156
	1158
	1160
	1163
	1164
	1165
	1167
	1173
	1175
	1178
	1181
	1182
	1183
	1191
	1192
	1194
	1201
	1205
	1206
	1207
	1208
	1209
	1211
	1212
	1213
	1214
	1215
	1217
	1218
	1219
	1221
	1222
	1224
	1225
	1226
	1227
	1230
	1232
	1234
	1235
	1236
	1237
	1240
	1241
	1242
	1245
	1246
	1249
	1250
	1251
	1252
	1255
	1256
	1259
	1260
	1261
	1262
	1263
	1264
	1265
	1266
	1269
	1270
	1271
	1274
	1279
	1280
	1281
	1282
	1283
	1284
	1286
	1288
	1289
	1291
	1293
	1298
	1299
	1301
	1304
	1306
	1308
	1310
	1311
	1313
	1316
	1320
	1322
	1323
	1326
	1329
	1332
	1337
	1338
	1339
	1340
	1341
	1342
	1345
	1346
	1347
	1348
	1351
	1352
	1354
	1355
	1356
	1358
	1364
	1366
	1368
	1370
	1372
	1373
	1376
	1379
	1386
	1388
	1389
	1392
	1393
	1394
	1398
	1401
	1404
	1407
	1408
	1410
	1411
	1413
	1414
	1415
	1416
	1419
	1420
	1421
	1422
	1424
	1425
	1428
	1431
	1432
	1433
	1434
	1435
	1436
	1437
	1439
	1440
	1442
	1443
	1445
	1447
	1449
	1451
	1452
	1453
	1454
	1456
	1457
	1460
	1461
	1462
	1465
	1466
	1468
	1470
	1471
	1473
	1475
	1476
	1477
	1478
	1480
	1481
	1482
	1484
	1485
	1486
	1487
	1490
	1491
	1494
	1495
	1496
	1498
	1500
	1501
	1503
	1505
	1506
	1509
	1511
	1512
	1513
	1514
	1515
	1516
	1518
	1523
	1524
	1526
	1527
	1528
	1529
	1533
	1534
	1537
	1542
	1544
	1546
	1547
	1549
	1550
	1552
	1555
	1556
	1559
	1561
	1562
	1564
	1565
	1568
	1570
	1572
	1574
	1578
	1580
	1582
	1583
	1584
	1585
	1586
	1587
	1589
	1594
	1595
	1596
	1598
	1600
	1601
	1602
	1604
	1611
	1613
	1615
	1616
	1617
	1618
	1621
	1624
	1626
	1629
	1631
	1634
	1635
	1639
	1641
	1642
	1643
	1644
	1651
	1652
	1654
	1655
	1657
	1658
	1660
	1661
	1663
	1665
	1669
	1670
	1671
	1673
	1677
	1678
	1681
	1682
	1683
	1686
	1687
	1688
	1690
	1691
	1692
	1699
	1700
	1701
	1705
	1706
	1710
	1711
	1712
	1713
	1715
	1716
	1717
	1719
	1720
	1721
	1731
	1734
	1736
	1737
	1738
	1740
	1742
	1746
	1747
	1751
	1753
	1755
	1756
	1758
	1759
	1760
	1763
	1764
	1767
	1769
	1770
	1773
	1785
	1786
	1788
	1789
	1793
	1799
	1801
	1804
	1806
	1809
	1815
	1817
	1819
	1820
	1827
	1832
	1833
	1836
	1839
	1843
	1846
	1848
	1849
	1851
	1857
	1858
	1861
	1862
	1863
	1865
	1866
	1867
	1869
	1870
	1872
	1873
	1874
	1875
	1881
	1883
	1886
	1887
	1890
	1891
	1894
	1895
	1899
	1900
	1901
	1902
	1903
	1904
	1905
	1906
	1909
	1911
	1912
	1913
	1914
	1915
	1916
	1917
	1921
	1923
	1924
	1925
	1926
	1927
	1928
	1929
	1930
	1931
	1932
	1935
	1937
	1938
	1939
	1940
	1942
	1944
	1945
	1946
	1947
	1950
	1951
	1952
	1953
	1954
	1956
	1958
	1960
	1962
	1965
	1967
	1968
	1969
	1972
	1973
	1974
	1975
	1977
	1981
	1984
	1987
	1988
	1989
	1992
	1993
	1994
	1997
	2008
	2009
	2011
	2012
	2013
	2016
	2019
	2020
	2021
	2023
	2024
	2025
	2027
	2029
	2031
	2034
	2035
	2037
	2038
	2040
	2042
	2043
	2044
	2046
	2047
	2048
	2049
	2050
	2051
	2052
	2055
	2056
	2057
	2059
	2064
	2066
	2068
	2069
	2072
	2073
	2075
	2077
	2079
	2080
	2081
	2082
	2085
	2088
	2090
	2094
	2095
	2096
	2100
	2102
	2103
	2104
	2106
	2107
	2108
	2109
	2110
	2112
	2113
	2114
	2115
	2116
	2117
	2118
	2119
	2120
	2121
	2122
	2123
	2124
	2125
	2126
	2127
	2128
	2129
	2130
	2131
	2132
	2134
	2135
	2136
	2137
	2138
	2139
	2140
	2141
	2142
	2143
	2144
	2145
	2146
	2147
	2148
	2149
	2150
	2151
	2153
	2154
	2155
	2156
	2157
	2158
	2159
	2161
	2162
	2163
	2164
	2165
	2166
	2168
	2169
	2170
	2171
	2172
	2173
	2174
	2175
	2176
	2178
	2179
	2180
	2181
	2182
	2183
	2184
	2185
	2186
	2187
	2188
	2190
	2191
	2192
	2193
	2194
	2195
	2196
	2197
	2198
	2199
	2201
	2202
	2203
	2204
	2205
	2206
	2207
	2208
	2209
	2210
	2211
	2212
	2213
	2214
	2215
	2216
	2217
	2218
	2219
	2220
	2221
	2222
	2224
	2225
	2226
	2227
	2228
	2229
	2230
	2231
	2232
	2233
	2234
	2235
	2236
	2237
	2238
	2239
	2240
	2241
	2242
	2243
	2244
	2245
	2246
	2248
	2249
	2250
	2251
	2253
	2254
	2255
	2256
	2257
	2258
	2260
	2261
	2262
	2264
	2265
	2266
	2267
	2268
	2270
	2272
	2273
	2274
	2275
	2276
	2277
	2278
	2279
	2281
	2283
	2284
	2285
	2286
	2287
	2288
	2289
	2290
	2291
	2292
	2293
	2294
	2295
	2296
	2297
	2298
	2300
	2301
	2302
	2303
	2304
	2305
	2306
	2307
	2308
	2309
	2310
	2311
	2312
	2313
	2314
	2315
	2316
	2317
	2319
	2321
	2322
	2323
	2324
	2325
	2326
	2327
	2329
	2331
	2333
	2335
	2336
	2337
	2339
	2340
	2341
	2342
	2343
	2344
	2345
	2346
	2347
	2348
	2349
	2350
	2351
	2352
	2353
	2354
	2358
	2359
	2360
	2361
	2362
	2363
	2364
	2366
	2367
	2368
	2370
	2371
	2372
	2373
	2374
	2375
	2376
	2377
	2378
	2379
	2380
	2381
	2382
	2384
	2385
	2386
	2387
	2388
	2390
	2391
	2392
	2393
	2394
	2395
	2396
	2397
	2398
	2399
	2400
	2401
	2402
	2403
	2404
	2405
	2406
	2407
	2409
	2411
	2412
	2413
	2414
	2415
	2416
	2418
	2419
	2420
	2421
	2422
	2423
	2424
	2425
	2426
	2427
	2428
	2429
	2430
	2431
	2432
	2433
	2434
	2435
	2436
	2437
	2438
	2439
	2440
	2441
	2442
	2443
	2445
	2446
	2447
	2448
	2449
	2450
	2451
	2452
	2453
	2454
	2455
	2456
	2457
	2458
	2459
	2460
	2461
	2463
	2465
	2466
	2467
	2468
	2469
	2470
	2471
	2472
	2473
	2474
	2475
	2476
	2477
	2478
	2479
	2480
	2481
	2482
	2484
	2485
	2486
	2488
	2489
	2490
	2491
	2492
	2493
	2494
	2496
	2497
	2498
	2499
	2500
	2501
	2502
	2503
	2504
	2505
	2506
	2507
	2508
	2509
	2510
	2511
	2512
	2513
	2514
	2515
	2516
	2517
	2519
	2520
	2521
	2522
	2523
	2524
	2525
	2526
	2527
	2528
	2529
	2530
	2531
	2532
	2533
	2534
	2535
	2536
	2537
	2538
	2539
	2540
	2541
	2542
	2543
	2544
	2545
	2546
	2547
	2548
	2549
	2550
	2551
	2552
	2553
	2554
	2555
	2556
	2557
	2558
	2559
	2560
	2561
	2562
	2564
	2565
	2566
	2567
	2568
	2569
	2570
	2571
	2572
	2573
	2574
	2575
	2576
	2577
	2578
	2580
	2581
	2582
	2583
	2584
	2585
	2587
	2588
	2589
	2590
	2591
	2592
	2593
	2594
	2595
	2596
	2597
	2598
	2599
	2600
	2601
	2602
	2603
	2604
	2605
	2606
	2607
	2608
	2609
	2610
	2611
	2612
	2613
	2614
	2615
	2616
	2617
	2618
	2619
	2620
	2621
	2622
	2624
	2625
	2626
	2627
	2628
	2629
	2630
	2631
	2633
	2634
	2635
	2636
	2637
	2638
	2639
	2641
	2642
	2643
	2644
	2645
	2646
	2647
	2648
	2649
	2650
	2651
	2652
	2653
	2654
	2655
	2656
	2657
	2659
	2660
	2661
	2662
	2663
	2664
	2665
	2666
	2667
	2668
	2669
	2670
	2671
	2672
	2673
	2674
	2675
	2676
	2677
	2678
	2679
	2680
	2682
	2683
	2684
	2685
	2686
	2687
	2688
	2689
	2690
	2691
	2693
	2694
	2695
	2696
	2697
	2698
	2699
	2700
	2701
	2702
	2704
	2705
	2706
	2707
	2708
	2709
	2710
	2711
	2712
	2713
	2714
	2715
	2716
	2717
	2718
	2719
	2720
	2721
	2722
	2723
	2724
	2725
	2726
	2728
	2729
	2730
	2731
	2732
	2733
	2735
	2736
	2737
	2739
	2740
	2741
	2742
	2743
	2744
	2745
	2746
	2747
	2748
	2749
	2750
	2751
	2752
	2753
	2754
	2755
	2756
	2758
	2759
	2760
	2762
	2763
	2764
	2765
	2766
	2769
	2770
	2771
	2772
	2773
	2774
	2775
	2776
	2777
	2778
	2779
	2780
	2781
	2782
	2783
	2784
	2785
	2787
	2788
	2790
	2791
	2792
	2793
	2794
	2795
	2796
	2797
	2798
	2799
	2800
	2801
	2802
	2803
	2804
	2806
	2807
	2808
	2809
	2810
	2811
	2812
	2813
	2814
	2815
	2816
	2817
	2818
	2819
	2820
	2822
	2823
	2825
	2826
	2827
	2828
	2829
	2830
	2831
	2832
	2833
	2834
	2835
	2836
	2837
	2838
	2839
	2842
	2844
	2845
	2846
	2847
	2848
	2849
	2850
	2851
	2852
	2854
	2856
	2857
	2858
	2859
	2860
	2861
	2863
	2864
	2865
	2866
	2867
	2868
	2869
	2870
	2871
	2872
	2873
	2875
	2876
	2878
	2879
	2880
	2881
	2882
	2884
	2885
	2886
	2887
	2888
	2889
	2890
	2891
	2892
	2893
	2894
	2895
	2896
	2897
	2898
	2901
	2903
	2904
	2905
	2906
	2907
	2908
	2909
	2910
	2911
	2912
	2913
	2914
	2915
	2916
	2917
	2918
	2920
	2921
	2922
	2924
	2925
	2926
	2928
	2929
	2930
	2932
	2933
	2934
	2936
	2937
	2938
	2939
	2940
	2941
	2942
	2943
	2944
	2945
	2946
	2947
	2948
	2949
	2950
	2951
	2952
	2953
	2954
	2955
	2956
	2957
	2958
	2960
	2961
	2963
	2964
	2965
	2967
	2968
	2969
	2970
	2971
	2973
	2974
	2975
	2976
	2977
	2978
	2979
	2980
	2981
	2982
	2983
	2984
	2985
	2986
	2987
	2988
	2989
	2990
	2991
	2992
	2993
	2995
	2997
	3001
	3002
	3005
	3007
	3008
	3009
	3010
	3011
	3014
	3016
	3018
	3019
	3020
	3021
	3022
	3024
	3025
	3026
	3028
	3029
	3032
	3034
	3036
	3037
	3038
	3039
	3040
	3042
	3043
	3044
	3045
	3046
	3047
	3048
	3049
	3051
	3052
	3054
	3055
	3058
	3059
	3062
	3063
	3067
	3069
	3070
	3073
	3076
	3082
	3083
	3090
	3093
	3094
	3095
	3097
	3100
	3105
	3106
	3107
	3108
	3109
	3111
	3113
	3114
	3115
	3118
	3121
	3122
	3123
	3126
	3128
	3129
	3132
	3134
	3136
	3138
	3141
	3145
	3148
	3149
	3150
	3153
	3156
	3159
	3162
	3165
	3170
	3171
	3172
	3173
	3178
	3179
	3180
	3181
	3182
	3183
	3188
	3191
	3192
	3193
	3195
	3198
	3200
	3201
	3203
	3204
	3205
	3206
	3207
	3208
	3209
	3210
	3211
	3212
	3213
	3217
	3218
	3222
	3223
	3227
	3228
	3229
	3231
	3232
	3233
	3234
	3237
	3238
	3239
	3241
	3242
	3243
	3244
	3248
	3249
	3252
	3253
	3256
	3258
	3260
	3262
	3267
	3271
	3274
	3277
	3278
	3281
	3283
	3284
	3286
	3287
	3293
	3297
	3299
	3301
	3305
	3307
	3309
	3311
	3312
	3314
	3320
	3325
	3326
	3329
	3331
	3340
	3342
	3350
	3353
	3355
	3359
	3367
	3368
	3369
	3373
	3374
	3375
	3378
	3379
	3381
	3386
	3392
	3395
	3397
	3398
	3401
	3402
	3405
	3407
	3408
	3410
	3411
	3412
	3414
	3416
	3418
	3419
	3423
	3424
	3425
	3428
	3429
	3432
	3434
	3436
	3437
	3438
	3440
	3441
	3442
	3444
	3445
	3446
	3448
	3450
	3451
	3453
	3454
	3460
	3462
	3463
	3471
	3473
	3474
	3476
	3481
	3482
	3484
	3485
	3488
	3493
	3495
	3496
	3497
	3498
	3499
	3500
	3501
	3506
	3509
	3510
	3512
	3513
	3514
	3516
	3521
	3522
	3523
	3524
	3526
	3528
	3530
	3533
	3534
	3535
	3536
	3541
	3545
	3546
	3547
	3548
	3549
	3550
	3552
	3553
	3556
	3558
	3559
	3560
	3561
	3565
	3569
	3571
	3572
	3574
	3576
	3579
	3581
	3583
	3585
	3586
	3588
	3590
	3591
	3592
	3594
	3595
	3596
	3598
	3600
	3601
	3602
	3603
	3605
	3606
	3607
	3608
	3609
	3610
	3611
	3612
	3613
	3615
	3616
	3617
	3619
	3621
	3623
	3624
	3625
	3626
	3627
	3628
	3629
	3630
	3631
	3632
	3633
	3634
	3636
	3637
	3638
	3639
	3640
	3641
	3642
	3643
	3644
	3646
	3648
	3649
	3650
	3652
	3654
	3655
	3657
	3659
	3660
	3661
	3662
	3665
	3666
	3669
	3670
	3671
	3673
	3674
	3676
	3677
	3678
	3679
	3680
	3681
	3683
	3684
	3685
	3687
	3688
	3689
	3690
	3691
	3694
	3696
	3697
	3699
	3700
	3701
	3702
	3703
	3704
	3705
	3706
	3708
	3709
	3710
	3712
	3713
	3715
	3719
	3721
	3724
	3725
	3727
	3728
	3729
	3730
	3731
	3732
	3733
	3735
	3736
	3737
	3740
	3741
	3743
	3744
	3747
	3749
	3750
	3751
	3754
	3758
	3759
	3761
	3762
	3763
	3764
	3766
	3768
	3769
	3770
	3771
	3772
	3775
	3776
	3778
	3780
	3781
	3782
	3784
	3785
	3786
	3788
	3789
	3790
	3793
	3794
	3795
	3796
	3797
	3798
	3799
	3800
	3801
	3802
	3804
	3805
	3806
	3808
	3809
	3812
	3813
	3816
	3817
	3818
	3819
	3820
	3822
	3823
	3824
	3825
	3826
	3827
	3831
	3832
	3833
	3834
	3835
	3836
	3837
	3838
	3840
	3841
	3842
	3844
	3845
	3846
	3847
	3848
	3850
	3851
	3853
	3854
	3855
	3856
	3857
	3858
	3859
	3861
	3863
	3864
	3865
	3866
	3867
	3868
	3869
	3870
	3871
	3875
	3876
	3878
	3880
	3882
	3883
	3884
	3885
	3886
	3887
	3889
	3890
	3892
	3894
	3896
	3897
	3898
	3899
	3901
	3902
	3903
	3905
	3907
	3908
	3909
	3910
	3911
	3914
	3915
	3917
	3918
	3919
	3920
	3922
	3923
	3924
	3925
	3926
	3927
	3928
	3933
	3935
	3936
	3937
	3938
	3939
	3940
	3941
	3942
	3943
	3945
	3946
	3948
	3950
	3951
	3952
	3953
	3954
	3956
	3957
	3958
	3959
	3960
	3961
	3962
	3964
	3965
	3966
	3967
	3968
	3969
	3971
	3972
	3973
	3974
	3975
	3976
	3980
	3982
	3984
	3985
	3986
	3987
	3988
	3990
	3991
	3994
	3995
	3997
	3998
	4000
	4002
	4006
	4007
	4008
	4011
	4012
	4014
	4015
	4016
	4017
	4018
	4021
	4022
	4025
	4026
	4029
	4030
	4033
	4034
	4035
	4036
	4039
	4040
	4043
	4044
	4046
	4048
	4049
	4054
	4055
	4061
	4065
	4067
	4068
	4073
	4078
	4080
	4084
	4095
	4097
	4098
	4100
	4101
	4102
	4108
	4109
	4111
	4112
	4115
	4116
	4117
	4122
	4124
	4127
	4128
	4129
	4131
	4135
	4138
	4139
	4143
	4146
	4150
	4153
	4154
	4155
	4159
	4163
	4164
	4166
	4168
	4170
	4171
	4172
	4178
	4180
	4182
	4184
	4188
	4191
	4193
	4195
	4197
	4198
	4199
	4201
	4206
	4211
	4212
	4213
	4214
	4216
	4217
	4218
	4219
	4220
	4221
	4225
	4226
	4228
	4229
	4230
	4233
	4234
	4235
	4236
	4239
	4240
	4241
	4243
	4247
	4248
	4249
	4252
	4253
	4257
	4259
	4262
	4263
	4266
	4268
	4269
	4270
	4271
	4272
	4273
	4274
	4276
	4279
	4282
	4285
	4286
	4287
	4289
	4292
	4296
	4297
	4301
	4304
	4305
	4306
	4307
	4308
	4312
	4317
	4323
	4328
	4329
	4331
	4332
	4335
	4338
	4342
	4343
	4345
	4346
	4347
	4349
	4350
	4352
	4355
	4357
	4358
	4360
	4361
	4364
	4367
	4368
	4370
	4371
	4373
	4377
	4378
	4381
	4384
	4385
	4387
	4390
	4393
	4396
	4398
	4402
	4406
	4409
	4412
	4415
	4417
	4419
	4421
	4422
	4423
	4424
	4426
	4427
	4428
	4430
	4432
	4434
	4436
	4437
	4438
	4439
	4440
	4441
	4442
	4443
	4444
	4445
	4446
	4447
	4448
	4449
	4450
	4451
	4452
	4453
	4455
	4456
	4457
	4460
	4461
	4464
	4465
	4466
	4468
	4470
	4471
	4474
	4475
	4476
	4478
	4479
	4481
	4483
	4484
	4485
	4486
	4487
	4489
	4490
	4491
	4493
	4494
	4498
	4500
	4502
	4505
	4507
	4508
	4509
	4510
	4512
	4517
	4518
	4520
	4521
	4522
	4524
	4528
	4530
	4531
	4533
	4537
	4540
	4543
	4548
	4550
	4552
	4556
	4562
	4564
	4565
	4567
	4569
	4570
	4573
	4574
	4575
	4576
	4577
	4579
	4584
	4586
	4587
	4589
	4590
	4593
	4594
	4597
	4598
	4600
	4601
	4602
	4603
	4604
	4607
	4608
	4610
	4611
	4615
	4617
	4622
	4623
	4625
	4630
	4632
	4635
	4641
	4643
	4645
	4646
	4647
	4648
	4650
	4652
	4653
	4657
	4658
	4662
	4664
	4666
	4667
	4668
	4671
	4672
	4673
	4676
	4678
	4679
	4683
	4684
	4688
	4689
	4691
	4693
	4694
	4695
	4696
	4698
	4699
	4702
	4707
	4708
	4712
	4713
	4717
	4718
	4720
	4721
	4727
	4728
	4735
	4736
	4738
	4739
	4740
	4741
	4742
	4747
	4748
	4749
	4753
	4756
	4757
	4759
	4760
	4765
	4769
	4772
	4776
	4778
	4784
	4787
	4790
	4791
	4799
	4804
	4807
	4811
	4814
	4816
	4819
	4820
	4822
	4826
	4830
	4833
	4834
	4836
	4838
	4839
	4848
	4851
	4854
	4857
	4860
	4861
	4863
	4864
	4865
	4869
	4870
	4871
	4872
	4875
	4877
	4879
	4880
	4884
	4885
	4886
	4889
	4890
	4892
	4894
	4895
	4898
	4899
	4902
	4903
	4904
	4906
	4907
	4908
	4910
	4911
	4913
	4916
	4917
	4918
	4919
	4920
	4921
	4922
	4924
	4926
	4927
	4930
	4931
	4932
	4933
	4934
	4935
	4936
	4938
	4940
	4941
	4942
	4944
	4946
	4948
	4951
	4952
	4954
	4955
	4956
	4957
	4961
	4962
	4963
	4965
	4967
	4969
	4970
	4972
	4974
	4975
	4977
	4978
	4980
	4982
	4985
	4988
	4989
	4991
	4992
	4993
	4995
	4997
	5000
	5001
	5004
	5006
	5008
	5010
	5012
	5013
	5015
	5017
	5021
	5022
	5023
	5026
	5027
	5028
	5034
	5035
	5036
	5038
	5039
	5041
	5044
	5045
	5046
	5051
	5052
	5054
	5056
	5058
	5059
	5060
	5061
	5065
	5066
	5068
	5069
	5070
	5071
	5074
	5077
	5079
	5081
	5083
	5085
	5088
	5090
	5091
	5093
	5095
	5097
	5099
	5103
	5106
	5107
	5108
	5109
	5110
	5111
	5113
	5114
	5115
	5117
	5118
	5119
	5120
	5121
	5122
	5123
	5124
	5125
	5126
	5127
	5128
	5129
	5130
	5131
	5132
	5133
	5136
	5138
	5139
	5140
	5141
	5142
	5144
	5145
	5146
	5147
	5148
	5149
	5151
	5152
	5153
	5154
	5155
	5156
	5158
	5159
	5160
	5161
	5164
	5165
	5167
	5169
	5170
	5171
	5172
	5173
	5175
	5176
	5177
	5180
	5181
	5182
	5183
	5184
	5186
	5187
	5188
	5189
	5190
	5191
	5194
	5195
	5197
	5199
	5200
	5201
	5202
	5203
	5204
	5205
	5206
	5207
	5209
	5210
	5211
	5212
	5213
	5214
	5215
	5217
	5218
	5219
	5220
	5221
	5222
	5223
	5224
	5225
	5226
	5227
	5228
	5230
	5231
	5232
	5233
	5234
	5235
	5237
	5238
	5239
	5240
	5241
	5242
	5243
	5244
	5245
	5246
	5247
	5248
	5249
	5250
	5251
	5252
	5253
	5254
	5256
	5257
	5258
	5259
	5260
	5261
	5262
	5263
	5264
	5265
	5266
	5267
	5268
	5270
	5271
	5273
	5274
	5275
	5276
	5277
	5278
	5279
	5280
	5281
	5282
	5283
	5284
	5285
	5286
	5287
	5288
	5289
	5290
	5291
	5292
	5295
	5296
	5297
	5298
	5299
	5300
	5301
	5302
	5304
	5305
	5306
	5307
	5308
	5309
	5311
	5312
	5313
	5314
	5315
	5316
	5317
	5318
	5319
	5320
	5321
	5322
	5323
	5324
	5325
	5326
	5327
	5329
	5330
	5332
	5333
	5334
	5335
	5336
	5337
	5338
	5339
	5340
	5341
	5342
	5343
	5344
	5345
	5346
	5347
	5348
	5349
	5350
	5351
	5352
	5355
	5356
	5357
	5359
	5360
	5361
	5362
	5363
	5364
	5365
	5366
	5367
	5368
	5369
	5370
	5371
	5372
	5373
	5374
	5375
	5376
	5377
	5378
	5380
	5381
	5382
	5383
	5384
	5385
	5386
	5388
	5389
	5390
	5391
	5392
	5393
	5394
	5395
	5397
	5398
	5399
	5400
	5401
	5402
	5403
	5404
	5405
	5406
	5407
	5408
	5409
	5410
	5412
	5413
	5414
	5415
	5416
	5417
	5418
	5419
	5420
	5421
	5422
	5423
	5424
	5426
	5428
	5429
	5430
	5431
	5432
	5433
	5434
	5435
	5437
	5438
	5439
	5440
	5441
	5442
	5443
	5444
	5445
	5446
	5447
	5448
	5449
	5450
	5451
	5452
	5453
	5454
	5455
	5456
	5459
	5460
	5461
	5462
	5463
	5465
	5466
	5468
	5469
	5470
	5471
	5473
	5474
	5475
	5476
	5477
	5478
	5479
	5480
	5482
	5483
	5485
	5486
	5487
	5488
	5489
	5490
	5491
	5492
	5493
	5495
	5496
	5497
	5498
	5499
	5500
	5501
	5502
	5503
	5504
	5505
	5506
	5507
	5508
	5509
	5510
	5511
	5512
	5513
	5514
	5515
	5516
	5517
	5518
	5519
	5520
	5521
	5522
	5523
	5525
	5526
	5527
	5528
	5529
	5530
	5531
	5532
	5534
	5535
	5536
	5537
	5538
	5539
	5540
	5542
	5543
	5544
	5545
	5546
	5547
	5548
	5549
	5551
	5553
	5554
	5555
	5556
	5557
	5558
	5559
	5560
	5561
	5562
	5564
	5565
	5566
	5567
	5568
	5569
	5570
	5571
	5573
	5576
	5577
	5578
	5579
	5580
	5581
	5582
	5583
	5584
	5585
	5586
	5587
	5588
	5590
	5591
	5592
	5593
	5595
	5596
	5598
	5599
	5600
	5601
	5602
	5603
	5604
	5605
	5606
	5607
	5608
	5609
	5610
	5611
	5612
	5613
	5614
	5615
	5616
	5617
	5618
	5619
	5620
	5621
	5622
	5623
	5626
	5627
	5628
	5629
	5630
	5632
	5633
	5634
	5635
	5636
	5637
	5638
	5639
	5640
	5641
	5642
	5643
	5644
	5645
	5646
	5647
	5648
	5650
	5651
	5652
	5653
	5654
	5655
	5656
	5657
	5658
	5660
	5661
	5662
	5663
	5664
	5665
	5666
	5667
	5668
	5669
	5670
	5671
	5672
	5673
	5674
	5675
	5676
	5677
	5678
	5679
	5681
	5682
	5683
	5684
	5685
	5686
	5687
	5688
	5689
	5690
	5691
	5692
	5693
	5694
	5695
	5696
	5697
	5698
	5699
	5700
	5701
	5702
	5703
	5704
	5705
	5706
	5707
	5708
	5709
	5710
	5711
	5712
	5713
	5714
	5715
	5716
	5717
	5718
	5719
	5721
	5722
	5723
	5724
	5725
	5726
	5728
	5729
	5730
	5731
	5732
	5733
	5734
	5735
	5737
	5738
	5739
	5740
	5741
	5742
	5743
	5745
	5746
	5747
	5748
	5749
	5750
	5751
	5752
	5753
	5754
	5755
	5756
	5757
	5758
	5759
	5760
	5761
	5762
	5763
	5764
	5765
	5766
	5767
	5769
	5770
	5771
	5772
	5773
	5774
	5775
	5776
	5777
	5778
	5779
	5780
	5781
	5782
	5784
	5785
	5786
	5787
	5788
	5789
	5790
	5791
	5793
	5794
	5795
	5796
	5797
	5798
	5799
	5800
	5801
	5802
	5804
	5805
	5806
	5807
	5808
	5809
	5810
	5811
	5812
	5813
	5814
	5816
	5819
	5821
	5822
	5823
	5824
	5825
	5826
	5827
	5828
	5829
	5830
	5831
	5832
	5833
	5834
	5835
	5836
	5837
	5838
	5839
	5840
	5841
	5842
	5843
	5844
	5845
	5846
	5847
	5849
	5850
	5851
	5852
	5853
	5854
	5855
	5857
	5859
	5860
	5861
	5862
	5863
	5865
	5867
	5868
	5870
	5871
	5872
	5874
	5875
	5876
	5877
	5878
	5879
	5880
	5881
	5882
	5883
	5884
	5885
	5886
	5887
	5888
	5889
	5890
	5891
	5892
	5893
	5894
	5895
	5896
	5897
	5898
	5899
	5900
	5901
	5902
	5903
	5904
	5906
	5907
	5908
	5909
	5910
	5911
	5912
	5913
	5914
	5915
	5916
	5917
	5918
	5919
	5920
	5921
	5922
	5923
	5924
	5926
	5927
	5928
	5929
	5930
	5931
	5932
	5933
	5934
	5935
	5936
	5937
	5938
	5940
	5942
	5943
	5944
	5945
	5946
	5947
	5948
	5949
	5950
	5951
	5952
	5954
	5955
	5956
	5957
	5959
	5960
	5961
	5962
	5963
	5964
	5965
	5966
	5967
	5968
	5969
	5970
	5971
	5972
	5973
	5974
	5975
	5976
	5977
	5978
	5979
	5980
	5981
	5982
	5984
	5985
	5986
	5987
	5988
	5989
	5990
	5991
	5992
	5993
	5994
	5995
	5996
	5997
	5998
	5999
	6000
	6001
	6002
	6004
	6005
	6006
	6007
	6008
	6010
	6011
	6012
	6013
	6014
	6015
	6018
	6020
	6023
	6024
	6026
	6027
	6028
	6029
	6030
	6031
	6032
	6036
	6037
	6038
	6039
	6041
	6043
	6044
	6045
	6046
	6047
	6048
	6050
	6053
	6054
	6055
	6058
	6059
	6060
	6061
	6062
	6063
	6065
	6066
	6067
	6068
	6069
	6071
	6074
	6076
	6079
	6080
	6081
	6084
	6087
	6092
	6103
	6104
	6107
	6114
	6115
	6116
	6117
	6118
	6120
	6123
	6125
	6126
	6127
	6128
	6130
	6132
	6136
	6138
	6140
	6142
	6145
	6148
	6151
	6152
	6155
	6157
	6160
	6161
	6163
	6164
	6173
	6176
	6179
	6181
	6184
	6185
	6187
	6188
	6194
	6195
	6196
	6198
	6200
	6201
	6204
	6205
	6206
	6207
	6208
	6209
	6212
	6214
	6216
	6218
	6219
	6220
	6221
	6223
	6227
	6228
	6233
	6236
	6237
	6238
	6239
	6240
	6241
	6243
	6250
	6251
	6255
	6256
	6257
	6258
	6260
	6261
	6263
	6265
	6266
	6267
	6268
	6270
	6271
	6272
	6276
	6280
	6282
	6286
	6287
	6289
	6292
	6298
	6300
	6301
	6306
	6310
	6311
	6313
	6318
	6320
	6325
	6331
	6332
	6335
	6336
	6340
	6344
	6345
	6349
	6350
	6351
	6354
	6359
	6361
	6363
	6364
	6373
	6375
	6377
	6378
	6384
	6385
	6389
	6390
	6393
	6395
	6397
	6399
	6405
	6406
	6413
	6415
	6416
	6418
	6419
	6421
	6422
	6425
	6426
	6427
	6433
	6434
	6437
	6438
	6440
	6442
	6444
	6446
	6447
	6448
	6449
	6452
	6456
	6457
	6462
	6464
	6465
	6466
	6469
	6470
	6471
	6472
	6475
	6476
	6482
	6483
	6484
	6485
	6487
	6488
	6489
	6496
	6499
	6500
	6501
	6504
	6510
	6512
	6513
	6518
	6521
	6522
	6524
	6526
	6529
	6531
	6533
	6534
	6536
	6537
	6540
	6542
	6546
	6547
	6548
	6549
	6552
	6555
	6558
	6559
	6560
	6561
	6562
	6568
	6569
	6570
	6571
	6572
	6573
	6576
	6579
	6580
	6581
	6583
	6584
	6585
	6586
	6590
	6592
	6594
	6595
	6598
	6599
	6604
	6606
	6607
	6608
	6609
	6610
	6611
	6612
	6613
	6614
	6616
	6618
	6619
	6621
	6622
	6624
	6625
	6626
	6627
	6628
	6629
	6631
	6632
	6633
	6634
	6635
	6636
	6637
	6639
	6640
	6641
	6643
	6644
	6645
	6646
	6647
	6648
	6649
	6650
	6651
	6652
	6653
	6654
	6655
	6656
	6657
	6658
	6659
	6660
	6661
	6662
	6663
	6664
	6665
	6666
	6668
	6670
	6672
	6673
	6675
	6677
	6678
	6679
	6680
	6681
	6682
	6685
	6687
	6688
	6690
	6691
	6694
	6695
	6696
	6697
	6698
	6699
	6703
	6705
	6706
	6707
	6708
	6709
	6711
	6712
	6714
	6716
	6717
	6719
	6720
	6722
	6723
	6725
	6727
	6728
	6729
	6731
	6732
	6734
	6735
	6737
	6739
	6740
	6742
	6744
	6745
	6746
	6747
	6749
	6751
	6752
	6754
	6756
	6757
	6759
	6761
	6764
	6766
	6767
	6769
	6770
	6772
	6773
	6775
	6777
	6778
	6780
	6782
	6784
	6785
	6786
	6788
	6789
	6790
	6792
	6793
	6795
	6797
	6798
	6799
	6800
	6801
	6803
	6805
	6807
	6808
	6809
	6810
	6812
	6813
	6815
	6816
	6817
	6819
	6820
	6821
	6823
	6824
	6825
	6827
	6829
	6830
	6831
	6832
	6834
	6835
	6836
	6839
	6840
	6841
	6842
	6843
	6845
	6846
	6847
	6848
	6849
	6850
	6853
	6854
	6855
	6856
	6857
	6858
	6859
	6861
	6862
	6864
	6865
	6866
	6867
	6869
	6870
	6871
	6872
	6873
	6874
	6876
	6877
	6879
	6880
	6881
	6882
	6884
	6885
	6886
	6887
	6888
	6889
	6890
	6891
	6894
	6896
	6897
	6899
	6900
	6901
	6902
	6903
	6906
	6907
	6908
	6909
	6911
	6912
	6913
	6915
	6916
	6917
	6919
	6920
	6921
	6924
	6925
	6926
	6927
	6929
	6930
	6931
	6933
	6934
	6935
	6936
	6938
	6939
	6940
	6941
	6942
	6943
	6945
	6946
	6948
	6949
	6950
	6952
	6953
	6954
	6955
	6956
	6957
	6958
	6959
	6960
	6962
	6965
	6966
	6968
	6970
	6971
	6972
	6973
	6974
	6975
	6977
	6978
	6979
	6980
	6982
	6983
	6984
	6985
	6986
	6987
	6990
	6992
	6993
	6994
	6995
	6996
	6998
	7001
	7002
	7003
	7006
	7008
	7009
	7010
	7012
	7016
	7017
	7018
	7022
	7023
	7024
	7026
	7028
	7029
	7030
	7031
	7032
	7033
	7036
	7037
	7038
	7040
	7041
	7042
	7043
	7045
	7046
	7047
	7050
	7051
	7052
	7053
	7056
	7057
	7059
	7061
	7062
	7065
	7068
	7069
	7072
	7073
	7077
	7081
	7083
	7087
	7088
	7096
	7098
	7100
	7102
	7107
	7110
	7111
	7112
	7113
	7114
	7115
	7116
	7117
	7118
	7123
	7127
	7130
	7132
	7133
	7134
	7136
	7138
	7140
	7143
	7144
	7145
	7147
	7149
	7151
	7153
	7154
	7156
	7157
	7161
	7162
	7166
	7169
	7170
	7173
	7176
	7178
	7180
	7183
	7184
	7185
	7186
	7187
	7188
	7193
	7194
	7195
	7196
	7197
	7198
	7202
	7203
	7211
	7212
	7213
	7214
	7215
	7216
	7217
	7219
	7223
	7226
	7227
	7230
	7231
	7234
	7235
	7236
	7239
	7241
	7242
	7245
	7246
	7247
	7248
	7251
	7252
	7253
	7255
	7257
	7258
	7259
	7260
	7261
	7262
	7263
	7264
	7267
	7268
	7269
	7272
	7275
	7276
	7277
	7278
	7282
	7283
	7284
	7286
	7287
	7289
	7290
	7291
	7293
	7296
	7299
	7302
	7304
	7305
	7306
	7307
	7308
	7311
	7315
	7321
	7323
	7324
	7325
	7327
	7329
	7333
	7336
	7339
	7342
	7344
	7345
	7348
	7349
	7351
	7352
	7355
	7358
	7360
	7361
	7362
	7364
	7365
	7366
	7368
	7369
	7371
	7377
	7378
	7379
	7381
	7384
	7385
	7386
	7387
	7388
	7389
	7390
	7393
	7394
	7396
	7398
	7399
	7409
	7412
	7413
	7414
	7415
	7417
	7419
	7420
	7421
	7422
	7423
	7424
	7427
	7433
	7435
	7437
	7439
	7440
	7442
	7443
	7445
	7449
	7450
	7451
	7452
	7453
	7456
	7457
	7458
	7460
	7461
	7462
	7463
	7464
	7466
	7467
	7468
	7470
	7471
	7472
	7473
	7474
	7476
	7478
	7479
	7480
	7481
	7483
	7484
	7485
	7487
	7488
	7489
	7490
	7493
	7494
	7496
	7498
	7499
	7500
	7503
	7504
	7505
	7506
	7509
	7510
	7512
	7513
	7514
	7515
	7517
	7520
	7522
	7524
	7525
	7527
	7528
	7529
	7530
	7532
	7533
	7535
	7536
	7538
	7539
	7542
	7543
	7546
	7547
	7548
	7550
	7551
	7552
	7553
	7555
	7557
	7558
	7561
	7564
	7566
	7567
	7570
	7576
	7579
	7581
	7583
	7585
	7586
	7588
	7589
	7590
	7592
	7594
	7595
	7598
	7599
	7605
	7607
	7608
	7610
	7611
	7612
	7614
	7615
	7617
	7620
	7621
	7622
	7623
	7626
	7627
	7628
	7629
	7630
	7632
	7636
	7638
	7640
	7642
	7643
	7644
	7646
	7649
	7651
	7654
	7658
	7660
	7664
	7666
	7667
	7668
	7669
	7671
	7673
	7677
	7678
	7679
	7683
	7684
	7686
	7688
	7690
	7692
	7694
	7695
	7696
	7698
	7699
	7700
	7704
	7705
	7709
	7710
	7715
	7716
	7718
	7719
	7720
	7721
	7723
	7724
	7728
	7729
	7730
	7734
	7735
	7740
	7742
	7745
	7747
	7753
	7755
	7756
	7758
	7760
	7761
	7762
	7764
	7766
	7770
	7771
	7776
	7779
	7780
	7783
	7787
	7788
	7791
	7794
	7797
	7798
	7807
	7810
	7811
	7813
	7814
	7818
	7820
	7821
	7826
	7827
	7829
	7830
	7831
	7834
	7836
	7839
	7840
	7842
	7845
	7852
	7855
	7857
	7858
	7859
	7862
	7865
	7869
	7872
	7875
	7877
	7878
	7879
	7880
	7883
	7884
	7887
	7888
	7891
	7892
	7893
	7896
	7899
	7901
	7904
	7906
	7907
	7908
	7910
	7912
	7914
	7915
	7918
	7919
	7920
	7921
	7922
	7923
	7925
	7927
	7928
	7929
	7933
	7934
	7935
	7936
	7937
	7939
	7941
	7942
	7943
	7945
	7946
	7947
	7950
	7951
	7952
	7954
	7955
	7957
	7959
	7960
	7961
	7962
	7963
	7964
	7966
	7967
	7968
	7972
	7973
	7978
	7979
	7980
	7981
	7983
	7985
	7986
	7987
	7989
	7991
	7992
	7993
	7999
	8002
	8003
	8006
	8008
	8012
	8014
	8015
	8016
	8017
	8020
	8021
	8024
	8025
	8028
	8030
	8032
	8033
	8034
	8035
	8036
	8038
	8039
	8043
	8047
	8050
	8052
	8054
	8056
	8057
	8060
	8061
	8062
	8064
	8065
	8069
	8070
	8071
	8073
	8075
	8077
	8078
	8079
	8080
	8083
	8084
	8089
	8092
	8096
	8097
	8101
	8103
	8105
	8107
	8108
	8109
	8110
	8113
	8115
	8116
	8118
	8119
	8122
	8123
	8124
	8128
	8129
	8130
	8131
	8132
	8135
	8137
	8138
	8139
	8140
	8141
	8142
	8143
	8144
	8145
	8146
	8147
	8149
	8150
	8151
	8152
	8153
	8155
	8156
	8157
	8160
	8161
	8162
	8163
	8164
	8165
	8166
	8167
	8168
	8169
	8171
	8172
	8173
	8174
	8175
	8177
	8178
	8179
	8180
	8181
	8182
	8184
	8185
	8186
	8187
	8188
	8189
	8190
	8191
	8192
	8193
	8194
	8195
	8196
	8197
	8198
	8199
	8200
	8201
	8202
	8203
	8204
	8205
	8206
	8207
	8209
	8210
	8211
	8212
	8213
	8214
	8215
	8216
	8218
	8219
	8220
	8221
	8222
	8224
	8225
	8226
	8227
	8228
	8229
	8230
	8231
	8233
	8234
	8236
	8237
	8238
	8239
	8240
	8241
	8242
	8243
	8244
	8245
	8246
	8247
	8249
	8250
	8251
	8252
	8253
	8254
	8255
	8256
	8257
	8258
	8260
	8261
	8262
	8263
	8264
	8265
	8266
	8268
	8269
	8270
	8271
	8272
	8273
	8274
	8275
	8276
	8277
	8278
	8279
	8280
	8281
	8282
	8283
	8285
	8286
	8287
	8288
	8289
	8290
	8291
	8292
	8293
	8294
	8295
	8296
	8297
	8298
	8300
	8301
	8302
	8303
	8306
	8307
	8308
	8309
	8310
	8311
	8313
	8314
	8315
	8316
	8317
	8319
	8320
	8321
	8323
	8324
	8325
	8326
	8327
	8328
	8329
	8330
	8331
	8332
	8334
	8335
	8338
	8339
	8340
	8341
	8342
	8343
	8344
	8345
	8346
	8347
	8348
	8349
	8350
	8351
	8352
	8353
	8354
	8355
	8356
	8357
	8358
	8360
	8361
	8362
	8363
	8364
	8365
	8366
	8367
	8368
	8369
	8370
	8371
	8372
	8374
	8375
	8376
	8377
	8378
	8380
	8381
	8382
	8383
	8384
	8386
	8387
	8388
	8389
	8390
	8392
	8393
	8394
	8395
	8396
	8397
	8398
	8399
	8400
	8402
	8403
	8404
	8405
	8406
	8407
	8408
	8409
	8410
	8412
	8413
	8414
	8415
	8417
	8418
	8419
	8422
	8423
	8424
	8425
	8426
	8428
	8429
	8430
	8431
	8432
	8433
	8434
	8435
	8436
	8437
	8438
	8439
	8440
	8441
	8442
	8443
	8444
	8445
	8446
	8447
	8448
	8449
	8450
	8451
	8452
	8453
	8454
	8455
	8456
	8457
	8458
	8459
	8460
	8463
	8464
	8465
	8466
	8467
	8468
	8469
	8470
	8471
	8472
	8473
	8474
	8475
	8476
	8477
	8479
	8480
	8481
	8482
	8483
	8484
	8485
	8486
	8487
	8488
	8489
	8490
	8491
	8492
	8493
	8494
	8495
	8496
	8497
	8498
	8499
	8500
	8501
	8502
	8503
	8504
	8505
	8506
	8507
	8508
	8509
	8510
	8511
	8512
	8515
	8516
	8518
	8519
	8520
	8521
	8522
	8523
	8524
	8525
	8526
	8527
	8528
	8529
	8530
	8531
	8533
	8534
	8535
	8536
	8537
	8538
	8539
	8540
	8541
	8542
	8543
	8544
	8545
	8547
	8548
	8549
	8550
	8551
	8552
	8553
	8554
	8555
	8557
	8558
	8559
	8560
	8562
	8563
	8564
	8567
	8568
	8569
	8570
	8571
	8572
	8573
	8574
	8575
	8576
	8578
	8579
	8580
	8581
	8582
	8583
	8584
	8585
	8586
	8587
	8588
	8591
	8592
	8593
	8594
	8595
	8596
	8598
	8599
	8600
	8601
	8604
	8605
	8607
	8608
	8609
	8610
	8611
	8612
	8613
	8614
	8615
	8616
	8617
	8618
	8619
	8620
	8621
	8622
	8623
	8624
	8625
	8626
	8627
	8628
	8629
	8630
	8634
	8635
	8636
	8639
	8640
	8641
	8642
	8643
	8644
	8645
	8646
	8647
	8649
	8650
	8651
	8652
	8653
	8654
	8655
	8656
	8657
	8658
	8659
	8661
	8662
	8663
	8664
	8665
	8667
	8668
	8669
	8670
	8671
	8672
	8673
	8674
	8675
	8676
	8678
	8679
	8680
	8681
	8682
	8683
	8684
	8685
	8686
	8687
	8688
	8689
	8691
	8692
	8693
	8694
	8695
	8696
	8697
	8698
	8699
	8700
	8701
	8702
	8703
	8704
	8705
	8706
	8707
	8708
	8709
	8710
	8711
	8712
	8713
	8714
	8715
	8716
	8717
	8719
	8720
	8721
	8722
	8723
	8724
	8726
	8727
	8728
	8729
	8730
	8731
	8732
	8733
	8734
	8735
	8736
	8737
	8740
	8741
	8742
	8743
	8744
	8746
	8747
	8748
	8749
	8750
	8751
	8752
	8753
	8754
	8755
	8757
	8758
	8759
	8760
	8762
	8763
	8764
	8765
	8766
	8767
	8768
	8769
	8770
	8771
	8772
	8773
	8774
	8775
	8776
	8777
	8778
	8779
	8781
	8782
	8783
	8784
	8786
	8787
	8788
	8789
	8790
	8791
	8792
	8793
	8794
	8795
	8796
	8797
	8798
	8799
	8800
	8801
	8802
	8803
	8805
	8806
	8807
	8808
	8810
	8811
	8812
	8814
	8815
	8816
	8817
	8818
	8819
	8820
	8821
	8822
	8823
	8825
	8826
	8827
	8828
	8829
	8830
	8833
	8834
	8835
	8836
	8837
	8838
	8842
	8844
	8845
	8847
	8848
	8849
	8851
	8852
	8853
	8854
	8855
	8856
	8857
	8858
	8859
	8860
	8861
	8862
	8863
	8864
	8865
	8866
	8867
	8868
	8869
	8870
	8871
	8872
	8873
	8874
	8876
	8877
	8878
	8880
	8881
	8882
	8883
	8886
	8887
	8888
	8889
	8890
	8892
	8893
	8894
	8896
	8897
	8898
	8900
	8901
	8902
	8903
	8904
	8905
	8906
	8907
	8908
	8909
	8910
	8911
	8912
	8913
	8914
	8917
	8918
	8919
	8920
	8921
	8922
	8923
	8924
	8925
	8927
	8928
	8929
	8931
	8932
	8935
	8936
	8937
	8939
	8940
	8941
	8942
	8943
	8944
	8945
	8946
	8947
	8948
	8949
	8950
	8952
	8953
	8954
	8955
	8956
	8959
	8960
	8961
	8962
	8963
	8964
	8965
	8966
	8967
	8968
	8969
	8970
	8971
	8972
	8973
	8975
	8976
	8977
	8978
	8979
	8980
	8981
	8982
	8983
	8984
	8985
	8986
	8988
	8989
	8990
	8991
	8992
	8993
	8994
	8995
	8996
	8999
	9000
	9001
	9002
	9003
	9004
	9005
	9007
	9008
	9010
	9011
	9012
	9014
	9015
	9016
	9017
	9018
	9019
	9020
	9021
	9022
	9023
	9024
	9025
	9026
	9027
	9028
	9029
	9030
	9031
	9032
	9034
	9035
	9036
	9037
	9038
	9039
	9042
	9044
	9047
	9048
	9051
	9054
	9057
	9058
	9062
	9063
	9064
	9066
	9067
	9068
	9069
	9070
	9071
	9072
	9074
	9075
	9076
	9080
	9081
	9083
	9085
	9086
	9087
	9088
	9089
	9090
	9091
	9092
	9093
	9094
	9095
	9096
	9109
	9112
	9115
	9116
	9117
	9123
	9126
	9127
	9128
	9132
	9134
	9135
	9137
	9138
	9139
	9140
	9141
	9143
	9148
	9149
	9151
	9152
	9154
	9156
	9157
	9158
	9161
	9162
	9165
	9170
	9171
	9174
	9175
	9178
	9179
	9182
	9185
	9186
	9189
	9191
	9193
	9194
	9201
	9203
	9204
	9209
	9211
	9216
	9217
	9218
	9220
	9223
	9226
	9227
	9228
	9229
	9233
	9236
	9237
	9241
	9247
	9250
	9251
	9252
	9255
	9264
	9268
	9269
	9277
	9279
	9281
	9285
	9289
	9294
	9296
	9297
	9300
	9303
	9304
	9306
	9308
	9309
	9310
	9314
	9315
	9320
	9321
	9322
	9329
	9332
	9334
	9335
	9347
	9350
	9351
	9359
	9361
	9363
	9371
	9372
	9375
	9377
	9382
	9383
	9387
	9388
	9392
	9393
	9396
	9397
	9403
	9405
	9406
	9410
	9412
	9414
	9416
	9418
	9421
	9427
	9428
	9429
	9431
	9434
	9439
	9441
	9443
	9444
	9454
	9456
	9457
	9458
	9467
	9468
	9470
	9471
	9472
	9478
	9480
	9482
	9484
	9486
	9494
	9495
	9496
	9497
	9498
	9500
	9503
	9508
	9509
	9510
	9511
	9517
	9520
	9521
	9522
	9523
	9524
	9525
	9527
	9532
	9534
	9535
	9536
	9537
	9539
	9541
	9544
	9545
	9546
	9547
	9550
	9551
	9554
	9555
	9557
	9559
	9560
	9561
	9562
	9563
	9567
	9569
	9570
	9575
	9578
	9580
	9582
	9583
	9584
	9585
	9586
	9587
	9588
	9591
	9593
	9595
	9596
	9598
	9599
	9600
	9601
	9602
	9603
	9606
	9607
	9610
	9611
	9612
	9613
	9614
	9615
	9616
	9617
	9618
	9619
	9622
	9624
	9625
	9627
	9629
	9631
	9633
	9634
	9635
	9636
	9637
	9638
	9642
	9643
	9644
	9646
	9650
	9651
	9652
	9653
	9654
	9656
	9657
	9658
	9661
	9662
	9664
	9667
	9668
	9669
	9671
	9672
	9673
	9675
	9676
	9678
	9679
	9681
	9682
	9683
	9684
	9685
	9686
	9687
	9689
	9690
	9692
	9693
	9695
	9699
	9700
	9703
	9704
	9706
	9708
	9710
	9711
	9713
	9716
	9717
	9719
	9721
	9723
	9724
	9725
	9727
	9730
	9732
	9734
	9737
	9738
	9740
	9741
	9745
	9746
	9747
	9748
	9752
	9754
	9755
	9756
	9757
	9758
	9760
	9761
	9763
	9764
	9765
	9767
	9769
	9770
	9771
	9772
	9774
	9775
	9779
	9780
	9784
	9785
	9786
	9787
	9789
	9792
	9799
	9800
	9801
	9802
	9804
	9805
	9806
	9808
	9809
	9810
	9811
	9812
	9813
	9815
	9817
	9818
	9819
	9821
	9822
	9823
	9824
	9825
	9826
	9827
	9828
	9829
	9830
	9832
	9834
	9836
	9837
	9838
	9839
	9840
	9842
	9844
	9846
	9847
	9849
	9850
	9851
	9852
	9853
	9855
	9856
	9857
	9858
	9859
	9860
	9861
	9863
	9865
	9867
	9869
	9870
	9871
	9872
	9874
	9875
	9876
	9877
	9878
	9879
	9880
	9881
	9882
	9884
	9887
	9889
	9890
	9891
	9892
	9893
	9894
	9896
	9898
	9900
	9901
	9903
	9904
	9906
	9907
	9908
	9910
	9911
	9912
	9915
	9916
	9917
	9920
	9921
	9923
	9924
	9925
	9929
	9931
	9941
	9943
	9945
	9947
	9949
	9950
	9952
	9955
	9960
	9962
	9964
	9965
	9967
	9976
	9979
	9983
	9985
	9986
	9990
	9996
	9998
	10002
	10009
	10011
	10015
	10020
	10023
	10024
	10025
	10026
	10027
	10028
	10029
	10031
	10037
	10038
	10041
	10045
	10047
	10051
	10052
	10055
	10059
	10063
	10070
	10071
	10074
	10078
	10081
	10087
	10089
	10091
	10092
	10094
	10100
	10104
	10106
	10111
	10113
	10122
	10124
	10125
	10126
	10128
	10135
	10138
	10141
	10143
	10145
	10147
	10151
	10153
	10155
	10156
	10159
	10160
	10163
	10165
	10166
	10167
	10169
	10172
	10174
	10176
	10178
	10181
	10183
	10184
	10186
	10188
	10191
	10192
	10194
	10197
	10198
	10199
	10201
	10203
	10206
	10209
	10212
	10214
	10219
	10222
	10225
	10228
	10229
	10231
	10233
	10234
	10236
	10237
	10240
	10241
	10243
	10244
	10245
	10248
	10249
	10251
	10252
	10254
	10260
	10263
	10265
	10269
	10272
	10273
	10276
	10279
	10280
	10281
	10282
	10285
	10287
	10288
	10294
	10297
	10298
	10303
	10305
	10307
	10310
	10313
	10316
	10319
	10320
	10321
	10322
	10325
	10327
	10328
	10333
	10336
	10337
	10338
	10339
	10340
	10341
	10342
	10343
	10345
	10347
	10350
	10352
	10354
	10355
	10360
	10362
	10365
	10369
	10370
	10373
	10374
	10380
	10381
	10382
	10383
	10387
	10388
	10390
	10391
	10392
	10393
	10394
	10396
	10400
	10402
	10405
	10407
	10409
	10410
	10412
	10415
	10418
	10419
	10422
	10423
	10430
	10432
	10436
	10437
	10441
	10442
	10445
	10447
	10448
	10449
	10450
	10455
	10457
	10458
	10460
	10461
	10464
	10465
	10468
	10475
	10477
	10478
	10479
	10483
	10484
	10487
	10489
	10491
	10492
	10494
	10495
	10497
	10498
	10500
	10502
	10504
	10505
	10509
	10512
	10515
	10516
	10518
	10520
	10525
	10526
	10532
	10534
	10535
	10538
	10540
	10548
	10552
	10553
	10556
	10566
	10569
	10581
	10582
	10585
	10586
	10587
	10588
	10591
	10593
	10595
	10599
	10602
	10609
	10611
	10615
	10618
	10621
	10622
	10624
	10625
	10636
	10637
	10640
	10642
	10644
	10645
	10650
	10651
	10656
	10657
	10662
	10665
	10666
	10668
	10672
	10676
	10679
	10682
	10684
	10685
	10687
	10694
	10697
	10700
	10703
	10706
	10707
	10711
	10715
	10717
	10718
	10719
	10721
	10725
	10727
	10728
	10731
	10732
	10738
	10739
	10740
	10743
	10745
	10746
	10749
	10753
	10754
	10760
	10761
	10762
	10764
	10767
	10769
	10771
	10775
	10777
	10778
	10779
	10780
	10783
	10784
	10786
	10790
	10795
	10800
	10803
	10804
	10809
	10812
	10815
	10820
	10824
	10827
	10829
	10831
	10832
	10835
	10836
	10838
	10844
	10845
	10846
	10849
	10851
	10853
	10855
	10859
	10860
	10861
	10862
	10867
	10868
	10869
	10870
	10871
	10875
	10876
	10877
	10879
	10882
	10886
	10888
	10889
	10893
	10894
	10895
	10900
	10901
	10902
	10904
	10906
	10907
	10908
	10909
	10914
	10915
	10917
	10919
	10924
	10927
	10928
	10929
	10930
	10931
	10933
	10934
	10935
	10936
	10939
	10940
	10943
	11026
	11028
	11029
	11030
	11031
	11040
	11041
	11044
	11050
	11053
	11055
	11058
	11060
	11063
	11064
	11065
	11067
	11069
	11070
	11073
	11077
	11078
	11082
	11085
	11088
	11090
	11100
	11102
	11104
	11108
	11112
	11113
	11118
	11120
	11121
	11123
	11125
	11126
	11129
	11130
	11132
	11135
	11136
	11140
	11142
	11145
	11147
	11148
	11151
	11152
	11155
	11157
	11160
	11161
	11163
	11164
	11167
	11169
	11172
	11173
	11176
	11181
	11183
	11184
	11185
	11187
	11190
	11194
	11196
	11197
	11198
	11201
	11204
	11206
	11207
	11208
	11209
	11215
	11216
	11218
	11219
	11220
	11221
	11230
	11231
	11232
	11233
	11237
	11238
	11245
	11247
	11251
	11253
	11257
	11260
	11264
	11265
	11266
	11267
	11270
	11271
	11274
	11278
	11279
	11280
	11285
	11287
	11289
	11290
	11293
	11297
	11299
	11301
	11303
	11305
	11306
	11311
	11313
	11317
	11318
	11322
	11327
	11329
	11331
	11332
	11333
	11334
	11336
	11341
	11345
	11346
	11350
	11355
	11357
	11359
	11360
	11361
	11366
	11367
	11370
	11371
	11374
	11376
	11378
	11380
	11382
	11385
	11386
	11388
	11390
	11391
	11399
	11401
	11402
	11404
	11406
	11407
	11411
	11413
	11414
	11533
	11534
	11539
	11545
	11571
	11572
	11573
	11574
	11576
	11577
	11580
	11581
	11582
	11583
	11584
	11585
	11586
	11587
	11588
	11589
	11590
	11592
	11593
	11594
	11595
	11596
	11598
	11600
	11601
	11602
	11603
	11604
	11605
	11606
	11607
	11608
	11610
	11611
	11612
	11613
	11615
	11616
	11618
	11619
	11620
	11621
	11622
	11623
	11625
	11627
	11628
	11630
	11631
	11634
	11635
	11636
	11637
	11638
	11639
	11640
	11641
	11642
	11644
	11646
	11648
	11650
	11651
	11652
	11653
	11654
	11655
	11656
	11657
	11658
	11659
	11660
	11662
	11663
	11665
	11666
	11667
	11669
	11672
	11673
	11675
	11676
	11677
	11679
	11680
	11682
	11684
	11685
	11688
	11689
	11691
	11692
	11695
	11697
	11698
	11699
	11702
	11707
	11709
	11710
	11711
	11712
	11713
	11714
	11716
	11717
	11718
	11720
	11721
	11722
	11723
	11725
	11726
	11728
	11730
	11731
	11732
	11733
	11734
	11735
	11737
	11738
	11739
	11740
	11741
	11742
	11743
	11746
	11747
	11748
	11749
	11751
	11754
	11755
	11756
	11757
	11758
	11759
	11760
	11762
	11763
	11766
	11767
	11768
	11769
	11772
	11773
	11776
	11778
	11779
	11780
	11782
	11783
	11784
	11785
	11786
	11787
	11788
	11789
	11790
	11791
	11792
	11793
	11794
	11795
	11796
	11797
	11798
	11799
	11800
	11802
	11803
	11804
	11805
	11806
	11807
	11809
	11810
	11845
	11892
	11894
	11895
	11925
	11927
	11930
	11932
	11934
	11935
	11939
	11940
	11942
	11943
	11946
	11949
	11953
	11956
	11959
	11960
	11963
	11965
	11969
	11970
	11971
	11974
	11975
	11976
	11979
	11984
	11985
	11987
	11989
	11990
	11997
	11998
	11999
	12001
	12002
	12003
	12004
	12006
	12007
	12013
	12016
	12018
	12020
	12021
	12022
	12024
	12027
	12028
	12029
	12031
	12032
	12034
	12038
	12042
	12044
	12046
	12047
	12049
	12051
	12054
	12056
	12058
	12064
	12066
	12068
	12070
	12071
	12072
	12073
	12081
	12082
	12083
	12087
	12096
	12097
	12098
	12099
	12100
	12101
	12103
	12104
	12107
	12110
	12112
	12113
	12116
	12118
	12120
	12123
	12124
	12126
	12129
	12131
	12132
	12134
	12135
	12138
	12140
	12144
	12145
	12147
	12148
	12149
	12151
	12153
	12154
	12155
	12158
	12159
	12160
	12162
	12165
	12166
	12168
	12169
	12171
	12178
	12181
	12183
	12184
	12186
	12188
	12190
	12193
	12196
	12199
	12201
	12202
	12205
	12206
	12207
	12209
	12211
	12212
	12213
	12214
	12215
	12217
	12219
	12221
	12222
	12223
	12225
	12228
	12230
	12231
	12234
	12236
	12237
	12240
	12243
	12245
	12246
	12249
	12251
	12252
	12253
	12255
	12258
	12259
	12265
	12268
	12271
	12272
	12273
	12276
	12277
	12278
	12279
	12280
	12281
	12283
	12286
	12289
	12290
	12291
	12389
	12398
	12413
	12418
	12440
	12442
	12444
	12445
	12446
	12451
	12453
	12455
	12456
	12457
	12458
	12459
	12461
	12463
	12466
	12468
	12470
	12472
	12473
	12476
	12477
	12479
	12481
	12484
	12486
	12488
	12489
	12493
	12494
	12496
	12497
	12498
	12499
	12501
	12503
	12504
	12505
	12508
	12512
	12513
	12516
	12518
	12519
	12522
	12532
	12534
	12535
	12547
	12549
	12550
	12551
	12552
	12553
	12560
	12561
	12562
	12566
	12568
	12570
	12571
	12572
	12573
	12576
	12577
	12578
	12582
	12585
	12586
	12588
	12589
	12592
	12593
	12597
	12600
	12603
	12604
	12607
	12617
	12620
	12623
	12624
	12627
	12632
	12633
	12634
	12636
	12637
	12642
	12645
	12646
	12648
	12651
	12661
	12663
	12664
	12667
	12670
	12673
	12674
	12676
	12677
	12680
	12682
	12683
	12684
	12685
	12688
	12689
	12692
	12693
	12697
	12698
	12699
	12701
	12703
	12707
	12709
	12710
	12711
	12712
	12714
	12715
	12716
	12719
	12720
	12721
	12723
	12725
	12727
	12728
	12729
	12731
	12733
	12735
	12736
	12738
	12740
	12741
	12742
	12744
	12745
	12746
	12747
	12751
	12752
	12753
	12755
	12757
	12758
	12760
	12762
	12765
	12766
	12768
	12770
	12771
	13639
	13640


	}
	history={
		#owner = SOV
		buildings = {
			infrastructure = 1
		}
	}
	manpower=1
	state_category = wasteland
	buildings_max_level_factor=1.000
}
