
state={
	id=88
	name="STATE_88"
	resources={
		steel=50.000
	}

	history={
		owner = ERE
		buildings = {
			infrastructure = 2
			industrial_complex = 1

		}


		victory_points = { 9698 3 }
	}

	provinces = {
		98 627 887 978 1102 1235 1245 1314 1448 1936 2165 2491 3090 3292 3370 3607 3701 3766 4029 4085 4206 4808 5078 5212 5412 5598 5621 5824 5925 5947 6075 6284 6789 7046 7893 8027 8824 8924 8935 8966 9140 9587 9593 9698 9821 10565 10638 10673 10688 10698 10699 10725 10736 10737 10744 10757 10771 10781 10792 10793 10800 10821 10825 10832 10835 10839 10853 10861 10872 10883 10896 10897 10898 10912 10949 10961 
	}
	manpower=1000000
	buildings_max_level_factor=1.000
	state_category=rural
	local_supplies=0.000
}
