
state={
	id=96
	name="STATE_96"

	history={
		owner = DAG
		buildings = {
			infrastructure = 1

		}
		add_core_of = DAG

	}

	provinces={
		5 100 148 415 905 921 957 1169 1593 1822 1987 2016 2030 2296 2353 2440 2680 2694 2763 2782 2794 2879 3052 3128 3177 3219 3385 3727 3919 3954 4109 4194 4239 4240 4383 4432 4595 4721 4836 4842 5049 5153 5242 5318 5330 5608 5716 6461 6487 6543 6557 6574 6585 6586 6598 6612 6631 6633 6634 6638 6660 6688 6703 6713 6729 6767 
	}
	manpower=250000
	buildings_max_level_factor=1.000
	state_category=pastoral
	local_supplies=0.000
}
