
state={
	id=97
	name="STATE_97"

	history={
		owner = DAG
		buildings = {
			infrastructure = 1

		}

	}

	provinces = {
		106 198 326 505 770 1261 1383 1762 1786 2181 2309 2311 2523 2606 2902 3430 3471 3645 3837 3960 4004 4151 4440 4682 4948 5089 5106 5287 5331 5536 5591 5643 5652 5831 6391 6542 6629 7142 7245 7253 7297 7322 7353 7355 7579 7709 7717 7775 7868 7901 8185 8291 8500 8878 9141 9265 9419 9675 10067 13624 13631 13692 13697 13698 13704 13705 13719 13733 13742 13752 13802 13809 13815 13826 13848 13873 13880 13918 13929 13940 13948 13961 13962 13969 13994 14005 14006 14021 14053 14054 14075 14085 14094 14100 14101 14111 14118 14132 14155 14158 14170 14171 14182 14207 14222 14235 14297 14303 14313 14367 14385 14438 14469 14486 14561 14650 
	}
	manpower=1000000
	buildings_max_level_factor=1.000
	state_category=pastoral
	local_supplies=0.000
}
