state={
	id=778
	name="STATE_778"
	provinces={
		208 228 257 260 282 286 292 297 298 324 325 326 338 339 345 353 355 365 368 372 380 392 393 404 410 452 497 508 566 3196 3197 3214 3216 3224 3246 3251 3265 3269 3276 3282 3285 3300 3315 3316 3317 3328 3330 3334 3343 3352 3357 3361 3365 3372 3382 3383 3385 3404 3477 3486 3551 6226 6248 6253 6275 6294 6302 6307 6312 6323 6327 6337 6338 6339 6352 6357 6366 6374 6388 6391 6394 6403 6404 6424 6473 6502 6515 6551 6574 9243 9244 9258 9259 9271 9280 9286 9299 9305 9307 9325 9326 9336 9337 9338 9354 9365 9373 9380 9381 9385 9391 9401 9402 9409 9445 9473 9514 9526 9538 9549 9577 10301 11225 11240 11243 11256 11269 11273 11275 11281 11292 11308 11309 11319 11321 11324 11335 11339 11348 11356 11364 11373 11377 11387 11389 11393 11421 11433 11458 11473 11496 11510 11537 
	}
	
	history={
		owner = CAR
		buildings = {
			infrastructure = 5
			arms_factory = 1
			industrial_complex = 2

		}
		add_core_of = CAR
		victory_points = { 3361 15 }
		victory_points = { 11356 5 }
		victory_points = { 11393 1 }
		victory_points = { 11433 1 }
		victory_points = { 9577 3 }
	}

	manpower=3000000
	resources={
		oil=12
	}
	state_category = city
	buildings_max_level_factor=1.000
}
