state={
	id=794
	name="STATE_794"
	provinces={
		8 39 57 60 70 71 93 110 152 172 187 194 226 248 2999 3072 3084 3101 3110 3140 3142 3163 3235 3247 3313 3321 3344 3362 6035 6057 6073 6086 6095 6106 6131 6154 6169 6225 6264 6273 6367 6400 9060 9082 9107 9111 9153 9164 9177 9184 9190 9197 9212 9242 9265 9287 9333 11048 11059 11062 11068 11083 11084 11093 11150 11153 11154 11165 11174 11191 11224 11272 
	}
	history={
		owner = LIN
		buildings = {
			infrastructure = 1
			arms_factory = 1
			industrial_complex = 1
		}
		victory_points = { 70 5 }
	}
	manpower=1000000
	resources={
		steel=20
	}
	state_category = rural
	buildings_max_level_factor=1.000
}
