state={
	id=838
	name="STATE_838"
	provinces={
		1698 1708 1749 1774 1778 1781 1783 1818 1838 1844 1855 2028 2053 2074 2099 4697 4704 4709 4714 4751 4770 4777 4786 4788 4823 4843 4849 4858 4947 5076 5100 5736 7693 7727 7732 7737 7792 7799 7808 7850 7864 7866 7870 7971 7997 8102 10539 10545 10560 10563 10610 10614 10634 10674 10691 10695 10750 10796 10834 10839 12327 12520 12524 12544 12590 12596 12598 12614 12656 12671 12675 12732 12737 12820 12864 12890 13146 
	}
	history={
		owner = DAG
		buildings = {
			infrastructure = 1

		}

	}
	manpower=1000000
	state_category = pastoral
	buildings_max_level_factor=1.000
}
