state={
	id=857
	name="STATE_857"
	provinces={
		1396 1423 4223 4284 4341 4359 4388 4401 7238 7303 7331 7347 7376 7404 7432 10217 10232 10261 10289 10317 10974 10979 10980 10981 11008 11009 11010 11011  11014 11015 11016 11017 11018 11502 11503 11505 11511 11544 11547 11548 11549 11550 11558 11560 11562 11563 11565 11567 11851 11858 11860 11868  11898 11901 11902 11907 11908 11914 11917 11919 12133 12176 12204 12232 12260 12288 12354 12358 12369  12416 12422 12424 12425 12428 12429 12435 12875 12887 12919 12920 12923 12925 12926 12927 12928 12929
	}
	history={
		owner = HAR
		buildings = {
			infrastructure = 1

		}
		add_core_of = HAR

	}
	manpower=3
	state_category = wasteland
	buildings_max_level_factor=1.000
}
