
state={
	id=862
	name="STATE_862"

	history={
		owner = MOR
		buildings = {
		infrastructure = 1

		}
		add_core_of = MOR

	}

	provinces={
		531 1010 1257 1367 1395 1474 1603 1612 1893 1918 1976 2006 2030 2045 2091 4009 4041 4130 4141 4167 4256 4295 4325 4375 4431 4519 4547 4896 4925 5030 5048 5092 6932 6999 7019 7101 7201 7240 7256 7279 7301 7406 7418 7434 7459 7508 7580 7596 7609 7625 7911 7948 8026 8072 8095 9934 9939 9966 10006 10132 10144 10257 10304 10474 10517 10757 10822 10841 11865 12012 12086 12141 12274 12310 12408 12414 12705 12713 12767 13140 
	}
	manpower=100
	buildings_max_level_factor=1.000
	state_category=wasteland
}
