state={
	id=873
	name="STATE_873"
	provinces={
		800 848 852 861 898 906 927 959 978 1003 1054 1081 1100 1148 3803 3852 3860 3904 3912 3929 3981 4004 4056 4086 4103 4107 4126 6822 6922 6928 6963 7021 7070 7121 7125 7171 7175 7204 7221 9841 9899 9936 9981 10036 10065 10083 10085 10110 10115 10954 10956 10959 10960 10962 10964 10966 10969 11430 11440 11441 11444 11456 11466 11471 11479 11481 11770 11775 11781 11819 11823 11825 11826 11829 11830 11831 11832 11833 11837 11850 11878 11912 11915 11948 11958 11977 11992 12011 12040 12060 12085 12089 12313 12316 12318 12321 12325 12326 12336 12842 12843 12847 12850 12851 12859 
	}
	history={
		owner = RHU
		buildings = {
			infrastructure = 2
			industrial_complex = 1
		}
		add_core_of = RHU

	}
	manpower=3000000
	state_category = town
	buildings_max_level_factor=1.000
}
